-6.51803276994044 -1.9001669859796109
-5.631776732065921 -2.222944704094317
-1.4616970142711367 -1.2997989932775744
-4.184845213938939 -3.981414979321282
-3.3315812616181018 -0.7311399794984643
-5.410553163124073 -0.8650441703648684
-4.594034430784605 -4.41327675232248
-0.7412819923171186 -0.23539129771650913
-1.4768434831616832 -2.709718571555655
-3.3245961719866055 -2.4858343109971273
-4.931455086334468 0.4740293361032304
-5.562626968709049 0.3204842632619882
-6.276630821330794 0.9629867651052382
-3.795976924731621 -1.1716691586276649
-5.161067595629677 -4.181605946616555
-4.753644110639016 -8.099020233312748e-2
-3.5747895261599836 -3.747280846512262
-5.231336341985617 -1.3848010914860225
-4.926831453455758 -3.6790816996772158
-3.8862139584334496 -0.3182193463151848
-2.8729717705850804 -3.9540370450804936
-4.584959745150036 -2.685752245842612
-4.830073547201788 -2.4708620552736873
-7.428440254926919 -2.0114329807329927
-2.256343933269868 -3.0614100753440843
-0.21218349971134964 -1.249261860464446
-5.6512366820338995 -3.3798729936415555
-4.5914384418551215 -4.40286141949398
-2.534066524916664 -1.9799856883594527
-3.5976935714459906 -6.380803057346802
-7.250967462749093 0.28532143609365024
-2.974277243627127 -3.566215330766062
-5.946526982802487 -1.263194504955669
-1.8107467578155156 -2.1959418100494297
-5.861986367318606 -0.36106953906747963
-3.9913518400186465 -0.9226151108317662
-6.6036292248570465 -6.019868982733936
-1.8987436809423257 -4.83946163016374
-5.374342326101923 -2.442329164536791
-1.5598390242744697 -0.26439311219393735
0.5966287803970198 -7.69554027206798e-4
-5.6706339776603585 -3.015121866830808
-2.031520971813336 -0.720257380431709
-5.042121127864704 -2.655227164952138
0.16353725270748898 -2.4674926321878363
-3.8308068596024376 1.7907695498030223
-6.905287037426158 -1.5479213826155291
-4.93162531954225 -2.809334615811448
-4.271719645190592 1.1507677696385978
-3.7012121801636098 -0.8385335908762419
-3.2988226719027733 -6.115200343261083
-3.8468231020976176 -3.7533921550804283
-6.013283094402423 -3.4834620940599996
-0.9540161126271496 -2.4885119688874635
-3.1574134596986 -3.0862370238637755
-0.7264686323845391 -1.8059400326824604
-6.545843195185899 -0.5978012117661331
-2.655707974311145 -3.209710293419291
-2.927688330139335 0.8796346465940119
-2.9036407683126155 -1.023669107460915
-4.132581372887842 -3.6123109554741646
-1.544161951192149 -0.6425845002482036
-3.940906451064361 -3.5316013259886683
-5.332595277731377 -1.2013168702061263
-3.7249457408095656 -3.455874457966965
-1.098135481508018 -5.058116587925365e-2
-5.995193726355365 -5.2973256370884165
-3.2538263415289586 -1.5962565385014025
-3.5937924670484707 -0.9634644799017829
-5.894444266224609 -2.0263373564258917
-5.94165210755021 4.260529787262124e-2
-3.9451484506344348 -2.818661394737465
0.7490476397821988 -1.989460073138677
-2.8909452948597454 -0.4752036080376807
-4.4029864098483715 -2.5745289626198735
-4.331943143131242 -3.0739312857774035
-1.9876925209155956 -1.3394763320747725
-3.6474517335221557 -3.131451688976727
-4.085227327840698 -2.304821135312831
-3.2320696251238683 -0.5035685770019285
-3.71170740652262 -1.4098532299610553
-2.8483622127890738 -4.64578821911591
-3.3222966047012825 -1.8620820985363224
-4.809577150655411 -2.794107749711022
-3.1387204867352265 0.8956481785391541
-4.3112975745346676 -4.373350380385174
-1.4026559464622008 -3.367206645544348
-2.7182536646323694 -1.67488734465736
-3.306103364808944 0.27765960343733065
-2.5902267378407777 -0.7036799890765
-4.324282537027449 -2.035213231804929
-5.561260954046633 -1.1868171489617922
-5.7764981632598165 -3.725155088134227
-3.3134251946065154 -1.3271659124322346
-2.1894716817077997 1.201184836565354
-5.752160332455221 -1.8594022446453797
-4.714447634965158 -5.56487320313984
-6.356901012099667 -3.4713528299906558
-1.809898392471806 -4.5130760587865275
-5.51382008707964 -1.3694361244328692
-1.7571738825876269 -3.4880918363952826
-1.220335511293949 -0.5757035516790019
-2.449376498100195 -1.4840932064261487
-2.384778006547376 -3.928343256655362
-3.515976924710553 -2.8586841095720086
-5.238492013938872 -2.9280141710337415
-3.4667680019656593 -2.4582144609951024
-3.396482996850787 -4.9319423802890565
-6.8837054525642625 -1.347527838139004
-1.6144884288347527 -6.617955924880908
-4.05386813428452 0.323030067639682
-3.6363093958713333 -2.51458946007859
-2.206391210849862 -2.551192447479184
-1.1949613152742797 -2.4017986168361154
-2.4558011387677343 -1.1720837966343383
-3.54397772226997 -2.089061376790205
-5.356948757463496 -1.6637674673219562
-5.11853997013368 -2.694086304854665
-1.5023857424380558 -2.492030520867163
-3.813142621209785 -3.6039534396475554
-5.681296356239187 -0.9882053942400566
-5.685065958612571 -0.5801105962297748
-0.7039674199527859 0.823627907561733
-4.406863290085613 -1.806856900575593
-5.640373323020444 -0.23663458138818294
-5.331473859315199 -3.344293662424578
-6.147666340196512 -8.777676380767097e-2
-3.709867119744674 -2.244318187410086
-2.843404667351405 -2.1154842469149564
-2.3813735575034354 -2.7464024165168075
-3.3448192846689784 -0.6485708278140239
-2.7612453402903436 -2.2491950507093086
-3.8084678002732195 -3.205036606528491
-1.5686116188944736 -3.076589261593335
-1.3194619959098577 -4.508029978894764
-2.206191488215733 -1.3753805317693009
-2.9038145649425315 -2.979568065745117
-1.6676896777253551 -4.610547482478351
-3.137481805091966 2.2106783890415063
-6.316713285286395 -3.9042280540821133
-4.531655204785712 -5.8451536838272755e-2
-4.502035788113828 -2.955763225482282
-1.5599256350014978 0.3495527376147476
-0.7342046683919587 -4.82104810087021
-2.392002701879721 -2.7178013582119633
-4.810029177497148 -3.9191262583264583
-4.284604036748667 -2.2850053885065518
-3.926399390442588 -2.6898735824833224
-6.218080530302495 -3.6923974120392105
2.061507092866214 -1.553688350397808
-2.6868801352065184 -0.5463665607144632
-5.981958107495814 -4.935004346031073
0.8476018012179178 -3.235960625112999
-2.4260948209333586 -3.9104896892624845
-4.694236814956351 -1.6079043256125556
-1.573888711069281 -3.406931430615784
-4.277593690146489 -0.18026794542458147
-7.565207373860816 -1.053817986803347
-5.6836987662423795 -4.526345822774463
-3.3686518382604085 2.5519345760297254
-7.029622207547275 -1.4974493080664981
-2.7491143792346424 -0.29627803125331176
-3.773561267873108 -2.4036896796921354
-1.509311502083016 -1.9353976984096655
-1.9086038086370827 -0.3029376609319234
-6.0769143230505005 -3.234647536129498
-1.0280248317286809 -2.8846046817147464
-5.408163298215332 -4.726382000434704
-1.5519867894735233 0.17060200710425022
-7.148544209917528 -1.097753374032239
-2.9409287065049394 -2.5514754188337627
-4.291873515073139 -0.8179806897560435
-5.36911708441821 -5.972500252483638
-4.3880214172928556 -2.929767074158219
-2.132990945252838 -4.316195360096338
-1.7447331005812474 9.055552110179521e-2
-2.97983942801631 -5.042492536807502
-6.699354132162078 -4.044520023265848
-5.617518772788596 -0.9716062804963035
-4.700198551885245 -2.54638801457957
-2.084446693025276 -2.122737525079056
-2.643898309042243 -5.20503164802072
-6.249575581777439 -2.1073324417279777
-5.15625410919804 -0.38436590218217215
-3.180686879162014 0.6724537242765081
-4.385500993265519 0.3509260849010185
-2.891157712508531 0.6263255246007966
-4.409565849857319 -0.34717823104355605
-5.911149979332947 0.2850405615647795
-5.963921765576789 -3.022742327292262
-2.6972815588626196 -0.34554471871594394
-6.30846407489383 -3.7192592853546413
-5.2637822760311685 -1.967797931021611
-4.400309943435995 1.504481097987164
-1.7783715634944521 -2.750983576886206
-3.267666312031286 -1.0938093909716753
-3.903694392544172 -3.19135907021373
-1.949379038747637 -1.8267853382114203
-1.4289763859877098 -2.1295666618662192
-6.6584846098084185 -0.513078476934794
-5.100321159752997 -1.0059139936863999
-2.882862297355756 -3.5741022917405174
-7.542659469414251 -3.305114675303215
-4.276012737821984 0.4569654501568907
-8.004291477202365 0.2615649185501092
-6.78741801306275 -1.752166032122764
-6.0555761747751955 -4.328144602740066
-4.11085149407859 -1.814329028921164
-2.3451273265776846 2.2976318342210122
-5.712485432046164 -0.4723647000536195
-3.931337195517643 1.684955931489021
-2.7858244984925427 -3.6661393058292955
-4.216420691876149 -1.7935565188140565
-1.9396327398788424 -2.473359779080785
-1.2305060856345404 -2.492303898501274
-2.871522098169147 -3.291275020861538
-1.3118202257318217 -3.83613833904671
-1.838474981522124 -3.63192922785552
-4.006153508644262 -2.092561348724739
-7.081155109959713 -2.150361555524849
-0.8824131780381794 -2.4849899496340555
-1.8569787738644303 5.8153288726466634e-2
-3.145786701355443 -2.9529635397115204
-3.5550400095711514 -2.080576247918969
-5.738741068264956 -0.5263437501367025
-4.466888457058079 -5.346724970456256
-3.3742685570551822 0.849344887701935
-6.345781934825103 -2.1126386250582763
-3.980199357284436 -2.803693084848183
-3.7019042721688575 -1.8262997000732115
-4.3923823624114755 -2.361765819596676
-3.4844268794640025 -4.255054858297736
-3.216489317725355 -2.6588303127491906
-4.555546855188391 -0.8852424034615431
-1.7564987608706706 -0.8448988542083933
-2.8735996375394794 -2.394696513796089
-2.1146262811065077 -4.790518977672901
-3.5650689797078616 -1.1134625629948274
-5.653361687182818 -1.1495878184283042
-4.6348425566341325 -1.5630128198361017
-2.454432268712276 -4.915932946968047
-4.159020157777552 -2.7291753559126084
-5.814371229345108 -2.9950299412549004
-9.023057277845613 -3.4903729202643348
-4.467414631761994 -7.484831589309346
-3.2039075501654763 -1.8551426035781358
-6.355673239276751 -3.021735851154731
-8.132534116462223 -2.200581671888957
-4.833444546843031 -2.9268090087739638
-1.4717107798881646 -2.02252991861787
-3.05260080229394 -1.8854335040438477
-5.145033465634734 -0.6515420913752401
-4.764794667892582 -1.4584774656351718
-5.950173921339802 -4.518621380144797
-7.3115031318710155 -3.3088594930790194e-2
-6.385082442868898 3.679166784215493e-2
-3.3074912136503514 -3.203449885754294
-0.6095843046226168 -3.1165040406551623
-3.5852483975739067 -3.4687833281705753
-4.391425518040439 -1.7234474011088214
-3.1230085159700267 -1.6064543336752546
-2.724864049345677 -0.7655574848668145
-4.753550064844192 -2.4641794580861722
-6.0178313452450425 -0.5524821145780072
-4.8043567734643915 0.6023423369388414
-1.6498864586547275 0.7810335976946221
-7.1275192621384225 -2.2460279189699315
0.921903394587626 -3.027770400367014
-4.410933382120053 -3.554742748219268
-2.1602695684011675 -1.3237977762338295
-4.228783086407476 -2.415365735721033
-1.1996239902497896 -3.1984612392469014
-1.470323506678863 -2.1496799477930835
-5.272751648826877 -4.462319016233114
-2.9625970447461816 -2.763269510140855
-1.0522708716398 -4.040023898509812
-7.609294938181343 -3.069494721350603
-1.0175046105545107 -1.2482131499045197
-5.915679148208845 -2.318832457041608
-3.296228533146749 -2.5373196594667196
-3.7355305226996944 -2.773286869801878
-4.661472550068262 -5.775133803944041
-3.699199526368249 -2.3806909322116283
-5.404426934582657 -5.482616551806547
-4.785372407288058 -3.2424411316285537
-4.082868894240103 -3.406918316825761
-2.881561523246285 -2.6734060196041067
-4.931898091353838 -2.9439685040866195
-5.397984516807149 -2.8465143965951074
-2.4659239027431843 -2.5847642036536502
-6.0701506152715226 -6.120340954995621
-2.33751535703965 -3.9645797461737335
-5.024924325740223 0.13552069194727823
-3.3356352493635524 -3.452588947638101
-2.683963470949018 1.1537104000901968
-2.869864507278607 -1.0679242522372892
-4.342676268650073 -4.651898517705989
-2.285145247972669 -1.9740727228711146
-4.087954292530771 0.7603955216993521
-2.9183562227509445 -2.4329423252941065
-3.0115990945279085 -4.251030250075234
-3.7468707302574633 -3.01312849966681
-5.482006377889323 -1.2822846097578666
-4.854251724634202 -3.839670853431776
-2.7432120529567854 -1.7692417619509357
-4.549736669483815 -0.5968925177806312
-3.9223751086913103 -2.541170213846931
-2.247236095194843 0.8720284045118465
-5.43875490539249 -2.7589609790891334
-6.675092812894561 -1.082324847727367
-5.116847298201907 -1.6189674035000512
-2.3485158086452937 -1.1699857677995245
-4.743632856984625 -1.9013020022476141
-0.1298227743815401 -3.933895982668577
-4.961575264665242 -3.4702147768878415
-1.0783930303943827 -0.9877688632479953
-4.7453014915591964 -1.6916057277531058
-2.750360123772735 -2.27076156521024
-1.3478752515747994 -5.557489123673864
-4.3066071862136726 -2.333554740099897
-7.426630031507686 -1.6232773677435322
-5.156626610712555 -4.076965300308281
-4.662506914309379 -0.7136682746329983
-1.3413116591344125 -1.6466555421870281
-2.4940248554444473 -1.7013977661634336
-3.7220698676191324 -1.0670358412106662
-7.891491969975911 -0.9968523602238657
-3.4362650796501946 1.565215184099873
-2.0276380356894803 -3.152241099794825
-2.689891787705335 -2.378399750211946
-4.012256373035242 -1.0341201743471207
-2.9720485998247623 -1.5956273403739594
-3.4123011695736523 -2.6504345968054115
-4.987020210144806 -9.98123500084569e-3
-4.494897240905048 -2.9895012528975666
-4.114248494869571 -1.4778810649687484
-4.040925726877378 -0.715004892818075
-5.196750864999332 1.0422529406970553
-2.933261214061749 -3.02209112096876
-4.025174319228073 -2.0926279936420564
-4.507154373048381 -0.4407142851494614
-5.651576037304991 -4.016031667235583
-3.2955846560926116 -4.03055880282721
-4.28428690113115 -3.3643171506158414
-1.477144703918417 -3.1275269909879846
0.22656813585260505 -3.2701724853924303
-3.1012190946251836 -0.7890062352302618
-4.524870152508735 -2.808375605174099
-4.992648232600695 -4.601730631288903
-4.166634454285285 1.2931017924829353
-2.816755166373402 -6.626803307148821e-2
-3.3710207909805625 -4.232781318973285
-6.829822592254742 -1.4704455524508644
-3.0602631710365573 -4.504130794287859
-4.667808639502166 -2.880389208439346
-2.6028807128293665 -2.692643918296251
-8.802448471596414e-2 -1.3178807149442453
-0.3501935547021042 -3.9559415445984056
-0.16638177513245456 0.33236640512528837
-0.8271860469480248 -0.956261951780639
-0.18001886203195783 -2.98833889373623
-3.0517247182432774 -0.6739698613603742
-1.1625048351917564 -0.49280426543695155
-7.664984385741269 -3.8458330154693794
-4.589191154852198 -4.091681209125663
-5.520666977361921 2.567735736931744
-5.014538942761337 -5.912062020006055
-1.7358749370959252 -2.1064415323976915
-6.164626166587434 -0.8616837769553845
-3.117058432157028 -0.4831561430566902
-4.294125610809988 -0.1554550159033221
-4.490383385827292 -2.5655503014142798
-5.906983776055323 -3.054246391162947
-4.138146299242229 -1.707201020505091
-2.4770605685644673 -3.6801293619150504
-4.209596219083367 -6.294762023047994
-4.092494549161565 -4.047679715635898
-7.732760206591205 -6.76893783963064e-2
-2.809113008164756 -2.9163791177652287
-4.5143308840376 0.1329399097849535
-1.6820144002380708 -2.3330508712108475
-3.8426623353017297 -2.8396598562496855
-2.3129798785265363 -1.3244654459240972
-0.8276953380961931 -4.809609057286072
-6.161960730631577 -0.5724672366551649
-2.8104677223843018 -2.7462117880638397
-2.4094869541642634 -3.7434515639757073
-3.774242990456506 -3.543740314647174
0.8093087772261907 -2.7649816938233696
-3.292182177440911 -1.596504273079959
-2.466032585886185 -3.891885997373344
-3.1299342988063823 -2.207548316189284
-6.003862618408319 0.21726749309708682
-6.57585400302068 -2.164682305752247
-2.814374963894889 -2.7741875285886817
-7.7199088168685766 -5.9270377295361225
-1.7777159088110446 -3.7712719678053714
-4.611717391774947 -1.4094346493287975
-1.5119196889063509 -2.073871314731429
-3.6140123505808393 -2.6141382980189083
-3.886258507182056 -0.8474004670353656
-4.6010055791610815 -0.8457714774747715
-4.947707389902963 -4.083329566125787
-3.584978576620041 -3.4055640843374992
-0.23795573228061695 -4.168977124340273
-2.42091258266041 -1.9803200862902566
-0.9874283249646338 0.8620188081860403
-2.850857600572739 9.857679879120074e-2
-4.473295560432594 -1.8308311959576957
-1.8471080798759978 -2.829832742185648
-1.5397544064401703 -3.447586124723143
-8.978926497484885e-2 2.9620302375738286
-6.197335769545425 -1.4454390693514358
-8.384804014870362 0.8578098183379086
-3.710368411961064 -4.269667494323693
-0.5737819845487202 -0.32836350227317546
-3.080522566794026 1.4587354152550795
-2.4639576995169157 -3.2172420591140583
-5.33867296434938 2.385887380677018
-2.4115767764226934 0.3300123093541911
-3.8059636083892894 -1.3049729165954724
-2.559932957137885 -4.236934309931065
-2.9462564701571994 -2.4972565915812863
-3.241721388821185 -1.4274032007421225
-3.9089115732338198 1.9475524384113374e-2
-3.427515175789078 -2.6745232864058845
-0.7408265174905089 -3.1783388601485028
-4.913373358462248 -0.7110457352703892
-1.9644849639978539 -3.4345782255157307
-3.2158737620190734 -1.2610089775261346
-3.8386988630931422 -3.58958380869948
-4.133199341260428 -4.9026750012348685e-2
-2.402680951584825 -4.006123360735909
-5.88769787144122 -1.6277545908427875
-2.6452360582606245 -5.772588144362217
-0.9241502863958022 -3.6632188639918892
-1.0202586984769662 -1.9305918687253618
-6.215561469651348 -3.605732763800962e-2
-5.1833007456531455 -0.17023579061427818
-2.994123062701528 -0.9013537481490996
-6.767797751773684 -4.480406289981694
-2.2487034109492736 -2.6683176023751214
-5.2084838897429675 -2.17733905163497
-2.410071411404986 -1.812903875602026
-3.6730748329194696 -1.6407563440590769
-1.4406712238061679 -2.1544678483797153e-2
-6.86396732197829 -0.1711324474610143
-3.603636391730465 -3.684428695260708
-2.847741020548277 -4.281533635035715
-6.329368956631683 -4.554693710528181
-1.1918407520354997 -0.7319146297667973
-5.346859501499215 -3.304860688449005
-4.465652208999686 -3.1022640992324897
-4.878883205770743 -3.3276244661176975
-3.4737798428791837 -0.9728129759719204
-1.25368052506626 -2.5643595587929093
-7.277914722730575 -5.145873389848671
-3.6962581608580956 -3.279608678306742
0.5433543436354578 -1.1081886555809572
-3.1722324784566664 -0.707440477367969
-4.27280874974312 -1.5033894035115456
-2.7257565022508334 0.10743898029252907
-5.44580979899695 -0.3657860029051332
-0.10272798925321958 2.804473804457741e-2
-3.050218095629268 -1.011013961919231
-4.1235504069041085 0.9036999668521837
-2.094957012322659 -3.4492976198140806
-2.5659687914521703 -3.21459869189592
-3.3315270475893546 -3.3805924036566815
-3.2234517749557967 -1.4093028724762644
-4.182906600218933 -2.2428032092608614
-7.851876830123361e-2 -0.3366079185939521
-3.488802255789439 -3.295678824412451
-5.075789627985905 -1.6279454188511497
-5.554079204413621 -2.444392949726168
-1.292324698555063 -5.151248421052873
-4.6217619243605625 -1.9075849139557213
-2.2128595515622607 -2.6845478766269446
-6.548723559623609 -2.2715566643789313
-0.2490171487564905 -1.003421886230358
-0.7256845476042244 -0.40140556181432197
-4.826749317140884 -2.2002781652709866
-6.137300526490587 -1.6645235781674148
-4.440833329678357 -2.8602686026122344
2.054488397537968e-2 -4.998910992346799
-3.5235063265198834 -0.9971742492798774
-4.798334682506164 -3.176822715584506
-3.294978501650458 0.3175428663295641
-4.7868128234196075 -3.799835555530432
-5.363243174246504 0.15939527298895229
1.5589230019387434 -0.1768638898912822
-6.046548901866531 -2.9870990360008167
-1.2545121144649003 -0.6067263935487976
-4.068280603115989 -4.3934059506251995
-3.6738130899529886 -2.8667761122683473
-5.274408233106781 -2.759777442597488
-3.745032388021573 -3.2274200532067017
-2.8341800905422025 -0.7212018782462166
-3.6482255404963113 0.8020729472059513
-2.0884154699851636 -1.9430862770908175
-4.549457443423182 -1.7627788020734592
-5.343475551238637 -1.05732911938017
-3.149309486743804 -2.2786300917245352
-3.643973489169817 -2.342123082924637
-1.3183283070155682 -2.0297543302942698
-1.9807224947260922 6.528334398400837e-2
-3.885717596565554 -4.570736990944405
-1.2476398280025758 -1.2761952360625224
-5.750626832214957 -0.238542392962088
-1.8228442341198499 -2.925945936690344
-3.909154164038051 -1.4959204574114464
-4.237545483486839 -0.39806351411853735
-4.548937814929708 -3.454622057712416
-1.3060948115894506 -1.8485758240343295
-5.148011525172612 -2.575317613724437
-3.703008865309178 -1.761973381982366
-4.847557727701453 -2.139338635870238
-4.908809209495317 -4.452877284151342
-1.8261514134476116 -0.2572750293337194
-5.983947374635466 -0.9590352053358298
-4.219717892325035 1.4629131704916216
-4.640811315156864 -2.7661767498539547e-2
-3.700846260246677 -3.547504366743212
-4.530757889652246 -3.2661406259352033
-3.0454315333703663 -1.4877628586632023
-0.8837566836299944 -2.3526279573787137
0.3329831503068448 0.4684336098987081
-0.4933141269549468 -2.3232273418828844
-3.2830984334464763 -4.4299915071113976
-7.16097602701391 -2.6530815896956073
-1.7422942751909667 0.10975474222912718
-0.7976992370667215 0.26256349362868026
-4.939426912338257 -1.2974466093653474
-3.4882400657851225 1.7496572629929554
-5.132733488217064 -0.7662959638761713
-2.4820133740976216 -3.356127997564923
-4.2031245521171385 -2.229896897451829
-2.4875066685146425 -1.4346309124473304
-4.546839953776444 -1.4061097444051773
-3.6840529468762258 -4.899698508980052
-3.473636318678781 -2.968109423687319
-3.860804171644131 -2.9187974237556222
-6.543707016276633 -2.075713604716837
-6.261768171048827 -4.042175912591505
-5.478467575203597 -3.3323218526200353
-4.3180413618364035 -2.7070832353275662
-3.6624402089081496 -2.6010380703471396
-2.8568358017023203 -1.8834401604079218
-1.1371415600277088 -4.192829354973089
-1.8027276900868323 -3.5607229811800445
-3.4631571607148053 -1.810784478759779
-2.450285766046056 -0.36771820506001496
-3.67012678122464 -0.2773446451012438
-5.37451735765783 -1.6140818090011415
-3.1233327231665085 -1.1657338311824317
-5.508753867104575 -2.661186719974818
-3.581644368742257 -1.983097956106365
-3.089557999035442 -3.9133884630184776
-4.337786019321441 -4.466493480481077
-4.743434331329625 -3.2589667478530364
-3.2668367216627474 -6.721841962342565
-1.9820576932886342 -1.9006925708936466
-3.6070452659978045 -1.1426910812644904
-2.7558676273465808 -0.333174925472725
9.050941425424291 -8.19772093775915
10.392920290961092 -8.818984069025573
8.259158900508515 -9.33698519884763
4.936068956876072 -6.053078173108793
9.635630447014087 -7.117064664245904
8.16058843262629 -6.570199134030649
4.680560895444926 -8.045644513883957
8.843063533288632 -7.735093187790561
8.5375701046799 -7.343082665205602
9.388142196355723 -9.018356209192653
8.758481129906803 -11.665767145067399
9.757947201413117 -11.798833031775695
11.236760809694827 -10.388536127329575
5.435461103194292 -5.581632428717649
8.558979292133095 -8.98652720224908
9.307326157126163 -7.972020948545934
12.357304897933442 -8.298790551419003
9.12221709105646 -11.700967481186122
9.266490067472409 -7.290355710591392
8.708326806387282 -9.329924347922082
5.8060157639488 -8.33046711937608
6.11604798703324 -9.798982478878411
9.794079506974711 -6.895866540909066
6.185354808488622 -6.203607856501662
7.31642022132486 -6.275622965675787
7.978456181505907 -8.289952938514977
10.407422292345258 -8.593843898032393
9.734556678392142 -5.244994439038459
10.91289749102412 -8.851833312511179
9.768368729758734 -8.244729368044068
7.724776905925437 -6.805466526770205
5.245418098512733 -7.244589476411754
7.991332603568214 -6.834439323548962
10.176431485714607 -7.82671678365783
9.359799461788295 -4.9545169942890315
8.947373567503986 -6.6089959091191215
9.347026710123643 -7.178321296188832
8.822570690913004 -7.56106147563253
7.739454377513425 -6.003458752894448
6.797245494729972 -11.144966298995838
7.059450866349804 -11.17790598309059
8.578274262767945 -9.960378928812256
10.348806566204267 -10.17521541272937
6.996445137691021 -7.5996952881855915
10.168053259914648 -8.981316266271286
9.210332376284246 -9.754115037976922
8.626020233972408 -10.554443922077617
8.200638470541326 -9.282349117808248
8.624623308944798 -12.169250568940127
9.341035853537957 -6.16009685382031
8.431458158925071 -6.492204663505536
10.48359537397465 -8.247212895367262
8.733977789076842 -5.996741626169863
7.998273062970464 -10.60289080833367
6.1902052890432415 -8.81500906506929
6.239892353581459 -8.806750171485323
8.311746099476853 -7.389676101125159
5.700306263357945 -8.718306705548862
8.470978341173286 -8.906370189585513
7.603504006328821 -8.2233772591696
6.125076199979978 -9.64596262378405
8.171017197015656 -7.681532357873331
6.477519002551506 -8.701080115656548
9.814146296509707 -10.453849889233588
8.375501503516835 -7.306941914348803
7.435815209694717 -5.842171351241862
7.42037507136089 -9.744852213420625
6.244707048696332 -8.274578276874164
11.021095019967868 -8.245574344057804
8.051881797793643 -7.468935389042343
7.612814377148971 -8.475920651670135
8.356305384254048 -5.72612352020532
7.167510952813707 -10.144129782384036
9.52055039204201 -7.058329397529014
7.195920132422158 -7.831442220225663
5.944179885248113 -8.606792427054225
11.625798456645661 -9.05905297384868
11.043053673502667 -10.367610490862209
8.204231580091788 -10.624750902236054
5.443619123498639 -6.906306458210988
9.27831033123355 -10.253689278237795
4.082142856198186 -7.7760466402026545
7.011780323385409 -7.5495639490725495
7.797659593497656 -9.006864586674434
8.627341115311005 -7.348758094102742
6.430645055512151 -6.815481183755704
9.800329882758367 -6.894637785786306
9.515347079688693 -10.158723286111211
10.099523568620619 -4.680869787413213
6.974308848492036 -7.419849240139867
7.684441069456679 -5.99204074303068
10.589699971493676 -12.969373858490282
6.730774892119204 -5.8864319954804145
9.789676959475361 -11.74870537719036
12.57521736636382 -9.941361175469805
11.017734387264818 -7.027804184788452
5.5761660772248405 -11.696529652594638
4.4568258923354644 -11.023369120677392
7.398053222457125 -10.946022611649358
12.131675274068003 -9.799081911766928
10.696811321975314 -9.290983963791632
5.5901881895797185 -7.201440698731144
7.267345915126369 -6.747002115145058
11.02455027953248 -8.083201250829793
10.139844000199968 -10.029199891691965
7.948428626995996 -7.428962515103814
8.89763300517162 -8.333234679635295
9.438823624076653 -6.304317035350367
6.02495238867357 -6.425661857007587
8.443122418709818 -10.518927652199629
7.4909107080646224 -7.718847267643717
6.4101234655782555 -11.968238680049733
10.102093807427009 -8.518028771464992
6.886851892739424 -9.840579955708622
11.237718913868626 -8.226206654244102
8.18189813525764 -9.045026441908776
10.79592891514841 -7.4771856993497945
6.152961003405743 -6.651478592163702
10.160197260594735 -7.662347828654185
9.76043964415326 -10.216771199358107
6.045487242233732 -10.153552241105523
7.143601099416764 -9.305950840244439
7.423310980290032 -7.371669589068645
10.002582994911773 -8.748343131920645
9.50941203960925 -6.8246661096556975
10.493703716697576 -7.784126740138975
9.515125393524793 -7.168482059028248
10.202577242970234 -10.469946745988512
6.9786089249778245 -6.541095405741735
8.19310670623083 -5.801108882073074
7.780392725054475 -8.727884228814368
10.358170179701556 -8.168924515792137
6.123646571430137 -8.365989378940139
7.545465352928031 -6.895382488175253
7.811063968949726 -11.05644932338843
7.014812769994052 -10.097525773180273
9.182654359683953 -6.861247168215067
6.469596267667155 -7.172744974218904
7.375024903157002 -8.514838874245434
6.824986441819494 -9.157803421895553
10.381401618437778 -10.47198261362976
7.980852993629246 -5.148892324770405
9.443183056907236 -8.850788481123313
8.335736318912026 -8.831362516740354
9.930109852180962 -9.845715882745864
6.090162094493309 -8.565598597503827
8.097441566730252 -6.23269233762268
7.093054458658653 -7.027076507992124
5.80172814076665 -9.165329043024752
7.53559304468889 -7.487241446954844
8.157271604721004 -8.666194118710587
7.810845701811318 -8.78842162596386
6.401326692816252 -10.931676086839728
5.401029898845845 -6.655921026291656
6.176450089630175 -7.043424033529344
6.949259361163129 -7.358734766869417
9.645972388117581 -7.285305890782705
9.727796649402858 -8.42019570185384
7.722806308503499 -7.227015642349321
6.613503403258815 -9.569314741508776
8.865777614772707 -12.228775742750205
8.506001898569641 -7.971486406868857
7.597651321783455 -5.526743641535233
8.220440348592803 -6.925855835078564
8.213955834226628 -8.160070580496797
6.984082284672392 -9.999546716570517
10.541162066341307 -7.220879644928497
9.94990780189041 -7.451212948244335
9.082540039992425 -9.11089910127602
9.808127710187426 -6.903950264219524
8.799662104325728 -5.7322044802577565
10.028062501030632 -8.93683849480254
7.6465642095860415 -8.539281417500778
6.737467914761268 -8.68243911544477
8.148627120194119 -10.83053656644192
7.376192492993673 -6.78835932591136
7.491754635860849 -8.783730876224121
8.974284128968318 -9.01213335115953
9.857874663120121 -9.182208417185594
8.428539129977562 -6.9840701558044245
7.814630647287404 -9.25065320213808
9.329306902393087 -9.23845914398818
5.409619854094525 -9.476846621626285
7.454247471156419 -6.070668728009389
8.712670534190263 -10.799999878115898
7.887276632532571 -8.647082706551782
7.74528505787611 -8.906564430916852
7.697276531175463 -9.01765241384157
9.505305586408017 -6.615848916949112
8.518359033471306 -6.487540444681683
6.226385522938621 -10.460585853502337
10.143598591381632 -7.610719133207814
7.203373640912005 -7.705830752136599
8.868307789578749 -7.647385607194394
9.809442766140542 -9.387222683135475
8.557063760790074 -8.097452379671175
5.421989738205934 -8.773416004138465
7.737561563510799 -5.9282717260716815
10.007369813205516 -8.034027629679182
8.376732076622543 -9.481213720386233
7.302325439149446 -8.027311629666546
8.40544277446924 -8.549731205196275
9.729596042912242 -7.43371967115165
8.707943659678122 -9.202613501178424
9.093039273902734 -4.376175763292464
9.74426945836684 -7.936297777987948
8.702023483161659 -5.84339176557506
9.873602815033111 -10.517759977263188
7.0753135184571665 -8.598773697554018
7.018465950164268 -8.589069022418016
7.670498860806101 -10.096132116953239
8.625932332995626 -8.204641386025015
7.234812617816452 -10.461602753228693
8.454695242188743 -7.751622626904675
10.554486139831477 -7.25198914483938
5.932842802787475 -10.538620647930932
7.533384426810845 -6.2373193424487425
8.501775772252525 -8.485674829057976
8.323663835220195 -7.659346363861427
8.020187710883548 -8.698534302505363
8.644248904343081 -8.729669947015857
10.5066188993646 -9.779894102921252
8.213549891625405 -8.558273765014045
7.038251991909865 -7.654860533632462
10.542658677616153 -8.892943280714837
11.644893326493985 -8.589852431311488
7.818306930630896 -6.857966585327139
8.66856750637476 -9.361678629676286
7.953961355637324 -9.483132383271892
8.133902339959164 -11.476000176864119
8.710713910439106 -9.880526753895616
9.231078550046089 -8.33889435682758
10.492184632896388 -9.929537761051034
7.388446211211679 -8.981007131374058
9.261680380786244 -7.5973731846582835
5.7045053235483305 -7.523756717652331
10.059864559105534 -7.953315857338963
9.010958261906637 -8.461116408712567
8.544470741797879 -8.377271113199972
8.223789389684706 -10.655818746186721
8.883363428371968 -7.570126634020599
6.582220268371289 -6.980726510677464
6.328308745695191 -8.928954949493171
6.741643754498923 -8.228681217538519
8.819974676444984 -7.081127299736368
9.28091274773481 -5.9094067838078725
10.840049796631934 -9.938911038035922
9.7905162538947 -8.9902842835571
8.283707911501258 -8.481807815978794
7.3743497057082115 -8.705477798030175
9.129394116963493 -8.64708966983303
9.47222968311068 -10.444789899826626
9.151894874465253 -8.0300137566568
9.556031189832638 -5.988670137455452
7.509640134360849 -5.622315564692162
7.827508087110853 -9.842534088531885
10.570014293107558 -10.088596644358878
7.80520086471334 -5.82214948612738
9.59046315018548 -8.939985490087894
10.276707200627026 -8.49704553466321
8.944978205890877 -9.845858445415976
6.7010260470957705 -6.863640341643416
9.308466144191325 -7.127031854324292
5.961230500195665 -9.49751407713089
7.558006981278582 -11.414809342399508
8.017684713419252 -8.938241243474456
9.408821308578576 -4.3592201651437
8.52560012858072 -8.1634665610502
8.54922568473499 -9.498251775974298
10.0277081411389 -8.632994311857125
7.201215323288312 -10.765109243526547
9.373840965099946 -8.397664013934683
9.410835585834084 -7.905147885764734
5.566387093545677 -9.640894576839875
11.11147021029123 -6.916173526170905
8.242160271173836 -10.716727071360049
7.139748531358448 -7.4716728759425495
8.57700250314939 -7.897168263067913
12.92458162883722 -7.211561818497719
7.0200404215026495 -7.254272634742658
4.9059985876023084 -10.455759739328517
8.857115524790556 -9.298006017645937
8.631461532052159 -8.15742162834562
7.392926928955389 -9.000432860790932
8.522717588432828 -8.915670622774924
8.216180252548329 -7.687156889947434
8.721559403811423 -10.124172274384646
9.145870334215784 -8.714552088223497
8.276951315788725 -7.560823817907435
9.155543754670594 -9.653579291247535
7.4249098756618395 -6.351162850517352
8.2879558037598 -9.454495075538945
5.545449934451968 -8.773228252712027
5.699601864852294 -8.273926001681112
7.734798979203399 -6.217871942763917
8.87141181987498 -9.863929718939367
9.945957983612747 -6.894586298330376
11.058890683770393 -6.691048529532914
7.656705826599776 -9.338712488776116
11.126823568714142 -6.806905786816882
8.182821961346665 -9.390323345575746
8.634850602082278 -8.1929696700531
9.340032309012914 -9.26408730309322
6.812791143060748 -8.813843798531199
7.644276881458856 -6.00370599749442
10.370879432966536 -9.839216517560025
6.879347241661125 -7.968168918753085
7.036085267899159 -7.364916003573321
9.90294056163595 -9.785994448417599
7.894036393262786 -9.529368090195502
8.151392465667211 -9.343388235880687
9.903915381877871 -9.811670442199643
8.420421707132217 -10.283097756477705
8.114029247991459 -9.194977728934406
6.4797958803616 -10.205716026691222
9.383407355100406 -8.92320199049946
6.414475555261614 -10.865400746136961
5.395231238355158 -8.800167250135596
6.736484301727236 -7.59995750288833
7.222040039295423 -10.627769773656507
9.756956861271167 -6.815689271727554
6.739276822417697 -10.127238614433542
8.297553289302577 -8.017081101685795
9.529293259393967 -8.422919383091806
7.9401002601645505 -7.704547335816338
10.1209114735934 -9.543102093189672
6.672365859336215 -6.870181049653192
8.522335014392718 -8.00559153308816
7.509502263889405 -10.488483809225526
10.993792688190151 -9.6048146684733
11.357661517078105 -9.446437065137333
9.05649970544154 -8.122915371940866
8.507995891063292 -7.716357402044651
7.242840081747641 -6.121905515758688
10.38256373491074 -10.078732171068207
7.391234888551342 -5.911214631174828
11.07442436057168 -8.56082772722878
10.593836269792419 -7.887017013653978
7.2611380045306575 -7.223645021712967
8.081724075603507 -9.365629096439733
9.828946756982525 -8.658955653108729
8.402852248095337 -10.01081011983904
9.75667202193057 -7.5489524850111565
9.395472650937934 -9.248526084281448
10.210216653808075 -9.608781040050797
7.542074956405824 -9.676770111268064
8.815270290075178 -6.5264500231146085
8.744223686680236 -7.1616393806343
7.3900724059381675 -8.43095326587006
8.665548762541778 -5.100617964509384
10.430776626336986 -7.045907810052783
8.173287608261537 -10.690906645204684
7.992719610864443 -9.530773388903578
9.74929557964996 -9.515657453185616
10.622196659259917 -6.5034964782461335
10.528432857660903 -9.354744217204379
9.75827996541635 -9.10041774809292
6.99497732593572 -7.280679539483684
12.341169790409044 -8.6318681297237
9.12449464259588 -8.298531422356112
7.11218939559394 -7.979236620734295
9.888073349827154 -7.730215834806144
9.781172611510474 -9.572868248639484
5.8347675008372395 -6.634804226105054
6.001503068542181 -8.425910771570091
10.008211440583256 -6.521402353916152
6.222657350385257 -10.439680158046963
10.589152827315626 -7.6237256410803225
7.573532669540637 -7.292659564634804
7.339340602348254 -9.332303649436192
6.42565294474748 -7.129072885516162
6.611022712363822 -6.988280299509734
9.489356138157401 -8.732107834905191
6.584956789999806 -6.043525321101286
5.482597811722423 -8.70891867675734
8.090788676478226 -7.844136204683674
11.1767504477699 -10.143362923797103
7.1076554526740905 -7.794985151272383
6.582929333155891 -9.362880703881736
7.918440057799545 -8.321884333314827
8.278359797591788 -9.32840103063709
9.759604413226086 -8.038210168256699
8.323513066001981 -9.286307338749198
11.593802628761502 -10.210281857688662
6.570163986540688 -9.84875548912561
8.052452693822046 -7.933766988687038
5.944441867445958 -9.009640541869611
6.489413162900288 -8.267266555812654
9.18450423408178 -7.838518234164501
8.621408971266135 -6.367513850596856
6.127977617388963 -7.3939804244576965
7.884488580780499 -7.953713349330333
8.404556320342571 -9.290954305550617
10.305540446403908 -9.793022518205849
8.599082416293832 -8.458286767673107
9.99068909677288 -8.445453725185558
7.982985440608114 -6.435243972680291
10.03170073539152 -6.718232543530567
7.489173958554966 -9.867233883197633
7.194334065086954 -8.842723284771353
7.139198756734835 -7.554031926044094
8.598458259595272 -9.429302898802222
10.073830572774396 -7.648823618978472
7.8867955581332385 -10.030203972405412
7.00110918940624 -6.848366463594887
9.577863724937032 -8.070687165286321
11.806328992347007 -8.91902044263162
10.206420158861668 -9.238545170565382
6.574593311669209 -9.029974112766432
6.797217133071988 -10.27120603757481
8.846396654818264 -8.0873425611676
8.388416505968578 -9.999230477660053
10.25304596812917 -11.117057004088734
11.283253474397041 -9.365692595549584
9.965105044456124 -8.407616119804882
10.448109640539036 -6.281802553302507
7.854649440310721 -8.47544668304833
11.07064025745257 -9.154384371796667
9.541374897338077 -9.347794645832941
9.25545676149782 -8.065423944742532
8.902736909813026 -7.15069779428282
8.24320838913178 -7.299196705271121
10.257358201054089 -7.733386401718503
9.33566080473794 -9.638832422962293
9.92036649698454 -7.704074410957253
10.103376856897759 -8.99576217749614
8.033854492704743 -10.10345414420232
7.8670119151378275 -9.41550158164704
5.289280563743212 -7.041612028910447
6.586039192058359 -8.010394073578667
6.888481168189799 -9.565771265037505
5.549761602013067 -9.640367711149992
7.978812945825734 -10.14213920207913
9.897369585783602 -8.249505590272117
4.919782944025355 -6.669850005570275
10.749827596836006 -9.9952518307942
7.805879037327645 -7.102616841263884
7.748283232049613 -4.7450458196041305
8.758960923945923 -6.146410023781378
11.30112876267167 -5.829838635926157
5.31042827452206 -8.68343165723197
8.186540912677469 -8.079809913940782
8.212345157823368 -10.575562385429674
9.033620606099769 -6.726601243624916
8.23025528275819 -8.406184402693349
11.474253556862617 -9.504768276367479
8.324109167961808 -8.780729873512406
9.595542880690846 -4.8798378410331456
8.271383678174434 -9.638841812725003
10.46273747678354 -9.759072630609436
6.474105754486684 -8.800681211332043
8.802451904320456 -6.530115943021502
5.870614680074585 -6.514203032817288
10.570450982523248 -8.480135960367868
9.263347858686881 -7.5759489450977915
8.658457912061497 -8.956394826884777
8.885016220746348 -9.883662119529964
8.45609998387822 -8.72197859720061
7.9159943867322475 -6.570161602281597
5.899181693574837 -7.5496210696995005
8.363738888066873 -8.867739217384056
7.971419636663215 -7.416924261771048
11.689847542750082 -7.707698272605144
8.641862526967067 -8.320523889710625
5.340796992201722 -9.86536951685345
8.379894015136774 -8.710151557883307
6.444730508556917 -7.789569117339208
6.273446159614259 -9.220395614503309
7.54531763417736 -8.339931644496886
8.181902559671842 -9.681763215560578
6.726186546934002 -6.0990602043001605
9.201306465550676 -7.013162878101719
10.343570129321272 -5.7546802238009125
7.481912016954991 -7.166516721421259
7.194462583617589 -9.20542728619014
5.8406939803454705 -4.588387792429746
9.36651229366612 -7.796984711523622
7.695586525996442 -6.251667221553623
9.470615738402813 -9.411439278918886
8.380324909624523 -10.764744389605358
10.243574344990748 -9.455622799187017
7.816287580155023 -8.87117121532836
12.574261858830392 -9.513441938001737
5.608592570672039 -7.738356079738572
10.089517722561089 -7.707464732576393
6.473069968635892 -11.061253219258717
10.73024253347263 -7.726553180186594
7.756639437414599 -8.485154138411092
9.534771302848661 -9.34845656837182
11.651890967748388 -9.02976775537507
8.641571738824078 -9.365307010336089
8.191258588875996 -9.463237018048876
9.512670357456894 -9.46681536577676
8.176201822701092 -8.196755297524316
8.787677434730528 -7.4072477699894534
7.443977624898368 -8.330365761034676
8.594056477801086 -8.432661897368348
9.702159342067288 -7.262110689604754
8.205124059299747 -7.080430648277829
11.050024088893526 -9.692339955227103
5.863334650379989 -7.526399059107919
10.711942696919735 -9.701143866812558
9.264407329464717 -4.0655490532159755
6.626922825789309 -8.50028309003818
8.055796486209214 -9.106215813289474
9.077904915790294 -10.11683266191963
7.371165377927028 -7.606012841986425
10.181105740357179 -8.023743239644574
10.730873174140093 -8.29530999995981
10.264529154515046 -10.012658318577403
8.914614300036579 -9.436241239375716
8.301117163155663 -8.112161626017514
11.131004353035664 -7.565019848371887
6.275170655098284 -7.564993599369078
7.06864049050372 -10.118785500216989
10.26597081083574 -8.924137587026786
7.62204573421595 -7.501484471369871
7.835111325345465 -7.725340728405545
9.183491281597016 -8.254342051493301
5.960406802056465 -8.621998957810428
9.287634482155237 -8.220067525423948
10.308746908868024 -7.609825305810729
7.858843422183216 -7.925930771772045
8.464191515241986 -5.624183417995301
8.385360044261144 -5.6769193675039045
6.511410806959095 -8.586616022756148
9.17188293290263 -5.95109251453316
6.4116117297416375 -7.028094303314493
6.679489494798019 -6.581262451721267
8.063532136476274 -7.848622714994793
7.675120865171182 -9.752965297985911
6.436441236713584 -6.029748369922866
9.557367632271484 -5.77299355942713
8.082319521327305 -9.15639869771291
9.357340419695516 -10.40833532361854
9.225400923987582 -8.273863839483344
8.149350122532073 -7.5908288810692115
9.524323146141228 -9.742162679755735
8.458636542352854 -8.253299617964453
11.349264864461011 -8.482418762764965
9.777151364746006 -9.603274235393071
6.678654926704628 -7.993757825152709
5.279748622418434 -9.824098578826439
10.531854015039011 -5.9747722734988615
8.012127141853902 -7.740867245164839
9.77452418474696 -9.093539622216264
6.763870495681749 -8.89258975739417
9.458549913123264 -9.855852009373978
10.634393979913437 -7.216401088941964
7.92623222316748 -8.345842259140717
7.454349027168508 -10.213661783650444
9.228900602269 -9.265890181062671
9.047359689895941 -8.428202366669533
6.901474153248021 -6.23435964023791
8.61253768476588 -10.401026625251795
6.498788460732686 -10.596994046365804
8.004417295942208 -7.072910375128735
8.036040921834712 -7.662540425529823
7.8703693962293375 -8.747272716094654
8.799336576853868 -8.303541010780059
8.571475319267723 -8.40648761712933
6.696386446289588 -7.906289346258356
11.051457018373476 -4.703395302295508
8.361637490744418 -9.249707335080512
8.896513145490445 -7.668426965630114
5.828709253148105 -9.1059246057211
8.96381459053047 -11.120749169080334
9.283155305339491 -4.600083789663639
10.004346811530228 -7.150000266970533
7.791420748373476 -9.542396840478531
9.55896620334733 -8.334055012241501
9.654838921218179 -7.978846125387635
8.264448971860725 -6.727308432984496
8.91975816850381 -7.157502476242466
6.447836203514315 -6.60594104156513
7.327017265329112 -7.232084228210399
8.495196984746329 -6.597226320146764
8.65462570661504 -8.168107025291915
10.563580884247768 -6.477456717888183
9.623038592726632 -6.194631908170074
6.610830703661931 -8.438928875738375
7.373675943926795 -11.57708854605307
8.237670053166454 -10.868985580200565
7.360963428923161 -11.532188685284055
7.552368551916 -8.842832373951877
9.540736120068688 -9.237910815288235
6.373888864395468 -8.5531003695795
8.46451125331055 -9.830742219285721
9.576220041659708 -2.967455656764285
4.514836667820975 -10.086188787598312
8.8660992798526 -11.960618046757599
7.275041076821125 -6.414817583233857
8.251238411861342 -6.290434748880361
6.46851662326521 -8.451596571727945
9.253117657504717 -9.510728248469027
8.041102878822908 -11.040782719158024
10.346501815441277 -9.196226422737956
6.657511344859163 -6.846505886102838
6.666311954030913 -8.445887236866108
9.52254462450479 -8.980896402491947
7.884707956933862 -4.915083393939836
10.034015454171652 -7.9985009031237855
5.7072078340495 -8.494260783999913
9.18312766573996 -7.857344775988386
8.475747940669072 -7.27008062220318
8.452014245429863 -7.008854795629153
10.189094732677969 -9.926715441740566
5.813035866055621 -7.83019341561373
9.366625090821179 -5.048589734533008
10.200499197060147 -8.866010278211991
7.846097075163447 -6.363530336846739
10.233060827996296 -8.441089461550023
10.500045873255639 -9.762078049564066
10.38905003857362 -7.207902140985464
6.815365180031012 -7.263152465809259
7.256302710494083 -4.98372948458275
8.21746252050356 -8.666425654473844
6.631046382863648 -11.08492507764123
10.718017396342976 -6.003881104934191
13.464614548718556 -6.718228936791742
6.856200262160788 -9.505729444919181
6.048943606263796 -8.5917928947431
9.133327798186436 -9.262410912922396
6.674628019563501 -11.355140235876384
9.095908251091249 -5.7156525783201975
5.185693954013386 -7.457279390676893
7.551394842897709 -8.075242133162881
10.309262936433 -8.17186113971385
9.72749739685713 -7.018797475961351
9.302294762870988 -10.103149529336864
5.660007545632775 -9.013472718794786
-3.311699916283121 -4.14960003333083
-3.385818613052405 -3.592638348252973
-7.067584642374235 -3.9414877845744676
-6.572884609822376 -5.007350843798569
-6.388891323427444 -2.0650427863602303
-6.943391656943757 -8.036198600057663
-8.24338663049554 -6.978372618864203
-4.064370129945495 -5.563001596587369
-6.511897245781588 -2.8708285307075
-7.475692235564102 -5.887191125904641
-5.431097185065925 -7.859719705419779
-3.0834026141673063 -5.847123246291657
-3.4972396951045015 -4.054631663160217
-4.3423596196882315 -6.054355020873489
-5.653605609429524 -6.762351820434934
-3.17688291314727 -9.63694289074705
-7.323724625066753 -8.043059821105995
-6.343474664590292 -4.033904109064237
-7.787508353434089 -1.3164404821263362
-4.986345173901521 -3.5651798031049067
-9.433356526963584 -5.569257672120522
-8.547414636873622 -4.61309209849011
-6.087695079981458 -5.520772783776903
-7.64575099483447 -3.6469131084589668
-4.129096265172711 -5.304253000214772
-4.655012097908954 -6.828882808448023
-6.680538483447142 -3.843762291429644
-4.319480038963998 -3.978769054674837
-6.66158358907839 -8.388447168267078
-4.773379617618438 -3.2891118674780806
-4.962480655162076 -4.539456290969955
-3.3854160685800805 -8.109632315795183
-3.4705621355553844 -6.596544907799672
-10.622840203822545 -2.800280328400679
-4.712956467204117 -3.4083325554113175
-2.3441203649781537 -3.831215558499811
-5.27461506806132 -4.759066893844262
-6.919366098443263 -6.345934581315317
-8.542816647109893 -6.105643912946018
-4.442142767169946 -5.122920333437696
-3.3999271597113814 -1.1194702388830882
-3.6610204142283287 -5.932936105566053
-7.6726606591884225 -6.133432774982476
-4.071191009954453 -8.280575249715978
-6.537298427405763 -6.81642289176657
-6.400852778330866 -9.524565312695454
-4.015512660450487 -8.32290952946632
-5.39661948670005 -2.3998676638428877
-5.666495380141252 -3.5591373178920183
-3.7371348657669357 -6.7612100637154775
-4.015625607474801 -2.625205566812986
-5.424749058292258 -4.077513292323277
-2.7907890024702358 -5.402174349013566
-5.032708705277571 -7.364105496069709
-5.997376755574753 -4.199213624689806
-6.964178830936293 -7.923653261752047
-3.80091086620358 -4.419113593000432
-5.983017287148584 -5.579620882318956
-4.130964450696942 -4.0134261032484275
-6.072413366536675 -4.507866895833906
-4.967766776283372 -6.185525509721536
-8.001035507643191 -4.749947939941302
-4.79460585253095 -4.596593409921976
-6.118341172688998 -4.52903893977216
-4.78195782068298 -3.652281510836258
-5.2936262557040505 -6.653193595306306
-2.9469375051336235 -2.6359345629466215
-7.918838812587101 -5.761658390133913
-6.355346412078612 -2.984515876242996
-3.3216599906212014 -5.238299827066139
-3.7066865078796623 -8.012698451007966
-6.301304666540901 -4.848618015380525
-7.299971979374999 -5.988078769579746
-7.270876549798926 -5.423560908954256
-3.8346416769524128 -6.080825260081461
-5.38854036759779 -4.207134848418896
-9.160454131520956 -4.608005159500955
-10.188377020891975 -3.5169875582169086
-4.225573411372508 -6.073534849127111
-7.6167788509890935 -6.5894295692169695
-6.497993385943376 -1.9630201805466387
-3.9855661803107485 -7.045950185850964
-2.8572716987272666 -3.859048840045962
-4.310068603671819 -4.6972672192637965
-4.414856629907368 -5.524708342301034
-3.1799649262489753 -5.601783526038778
-3.8685199732222935 -4.215892298438698
-2.2619260986217533 -2.8123549596772524
-5.9870787014437115 -4.9051595294101755
-6.683234097299197 -1.5615899723042617
-5.7941658100853735 -5.311771140297848
-4.334953666525409 -7.186756324973249
-8.333425206962552 -3.1152541726685525
-8.66024883421601 -6.146117747699208
-5.161494904549911 -2.453625176302225
-5.449295252688587 -3.6160063496437616
-5.7412286674987 -3.8024387598106353
-6.835805269001608 -7.610697833516766
-6.445625541595021 -3.98153273409717
-9.95054265074338 -4.082947362748241
-7.2342100730002 -5.6877425620808
-5.11232989613963 -4.824738343291733
-6.643382597964863 -4.084765312926875
-6.48290326826147 -5.21611482255826
-4.206673738809504 -9.212149158171947
-2.561015474236277 -3.1281760648484473
-8.155862762662577 -6.129685904694725
-7.294082087236805 -6.484306646833526
-7.122930420713858 -4.7153186986517275
-6.166480304162504 -3.899870291534678
-7.1777654846798775 -5.581848338632209
-5.1836336344434555 -5.034089867067084
-9.236074831117753 -4.763648593249971
-8.072814476794097 -4.594151303169998
-3.4837063926624516 -4.62352853429896
-5.266878348485 -3.1136245666849085
-4.84497751644437 -2.0546427647135226
-3.499792381693943 -2.9101689867425247
-5.506994969195227 -5.392447944943662
-6.804857975713894 -6.8868625739522615
-6.239525907804983 -6.865710238155718
-3.801341242046651 -4.754701225501892
-8.93844988238315 -4.629853656077833
-3.7411063264330355 -1.780301033200557
-8.325688561808748 -3.3478618331623773
-2.440347661567845 -3.929675436931249
-4.920527121728531 -4.21936935918591
-5.1153934972675845 -5.1402833963073835
-4.043996342525879 -2.5122731783959056
-8.41504096203928 -6.3906847607571
-5.7509589911935555 -2.2548030864657806
-9.996933923812064 -2.764810233803686
-5.276571101703727 -3.537041646150904
-6.871560503141185 -4.196564464605507
-4.015999862427073 -1.996760031386089
-7.208068335940489 -5.584721378073462
-4.299788734589743 -4.707160271981856
-3.9421820629279423 -4.726668158448973
-6.365720870659932 -8.344604674288409
-3.4248302217034015 -7.126543003083205
-3.3258983484111693 -5.5352180948872185
-6.1570433898613315 -3.6864041368550584
0.15170087933815335 -5.904105011049886
-4.197466335627476 -3.1417801226844504
-3.3520702411234256 -5.567810073292332
-3.8001426267869167 -3.8144784418049538
-4.998306518877317 -8.618225552129093
-3.603074007315372 -4.404207598580406
-5.744129346909642 -7.458708042342417
-3.7411301556982917 -6.901356806163733
-3.845050671229083 -3.0094028919820928
-7.401124819951906 -1.3567159520533703
-6.007877891582507 -5.872380630732693
-4.763709118955181 -4.275621661902248
-10.510478356779705 -5.349351778989531
-6.39893809353817 -5.362032607098773
-5.103018234410568 -7.06302794348937
-2.3595193371872307 -5.1379648735458945
-5.7081896784563355 -3.3673499569481367
-9.760897444522469 -3.5275748441771935
-5.570123755066326 -5.928617513882989
-8.043764432457845 -4.864200648442035
-4.540316846448833 -6.386030054083591
-5.802264069457195 -6.220516913100627
-7.067342249748846 -4.000657569254093
-10.89496523516 -2.511554128319439
-4.719818653314697 -7.581832316752713
-4.32289118438319 -3.8813440858976342
-5.3933697032932795 -5.7780104456399
-4.909906916787214 -3.4152269712549144
-5.938337971297966 -8.62023712479905
-6.805241921976412 -5.794504837334846
-5.480287743113196 -7.009725601091354
-4.035027172261703 -4.619049834408161
-3.6269488102724434 -6.087025786263338
-4.5684314623521605 -3.552093223491643
-4.885346444979419 -6.815457914663876
-6.557183847488079 -5.101949594212979
-3.5006340842952244 -5.847703838874686
-5.406920920122739 -5.674716698578813
-5.48507106557278 -3.4972862573578074
-4.6837736446817555 -4.205989969096585
-5.123064718608841 -6.811263012797415
-3.9686067000248304 -2.779888504601992
-5.281267088003412 -2.7826464360603462
-5.903315767137884 -6.391081486337342
-4.669538357440998 -6.146168879344568
-5.8001744646292135 -2.769573661194812
-6.833441051156906 -4.89789909726758
-5.953546860546146 -1.024430289452611
-6.529228072884545 -2.778648439869556
-6.295551639109901 -5.346455097017918
-8.860563641280287 -8.639214397239387
-8.189691086468669 -2.5490476726076943
-4.551877313062303 -4.016129153790803
-1.9174544304209058 -4.9970676342301745
-6.199333960853651 -6.238973052010497
-2.405162228979627 -4.263790685757376
-6.059251003504711 -5.3998443035280745
-3.6106068520394348 -6.69867275939283
-9.124271924566553 -5.305080500824853
-6.000232654105488 -7.057168377844181
-7.707281520672223 -5.262966011202013
-6.215846912058363 -4.805916047375393
-6.900089272093046 -3.8249474801234067
-8.213910164787071 1.6431878841290848
-6.788122407149882 -4.229488417245124
-7.0420106127127235 -4.585045754560493
-6.938719646882833 -4.031005447765873
-5.286177715151053 -6.646388908585716
-5.8654864014553265 -8.73945652416671
-3.8406895314616327 -2.792210848753512
-4.734682235490805 -7.065654671980672
-4.5404210320510305 -6.579873782280823
-6.883639288126263 -6.414278199549792
-4.370091870368656 -6.175750072762176
-4.054052198877619 -2.679103804090919
-2.5435835580272066 -2.4625802032070383
-7.976247576888412 -5.672037862200762
-5.536494459592693 -6.855397555496994
-7.675144572291611 -0.4828840552200697
-2.8809803848746522 -6.353669082010911
-6.305329329720756 -6.03130014233362
-7.86704098265138 -7.901894504781891
-6.78667359879652 -4.634333347936914
-4.198950377097985 -7.592261297302253
-4.10804554242561 -4.956824280439724
-8.51010362757718 -7.107154698057723
-4.421099012206674 -3.995651163152335
-6.916165161677608 -6.704408728365897
-4.409210878755698 -5.924315692154814
-4.541675462570584 -6.863365082587016
-4.915461785620829 -5.788214860919107
-3.1165533399134633 -3.1410228583590176
-6.200129367607176 -5.608478127718499
-7.857708221927319 -5.854097179065249
-4.972852443501881 -5.91680788949908
-4.523835378042209 -3.9284852883830466
-7.376905616846225 -5.494103492245968
-6.297218003209878 -5.321746933846277
-4.317719092824184 -6.593754622401619
-4.373397773274897 -5.004871351223572
-3.88401050179554 -5.16402617108388
-8.047585182066703 -5.436120084230909
-5.302502895999052 -6.140188802967417
-8.176591500836299 -4.240309894609329
-9.82936644023759 -6.27411188339403
-9.110944632163152 -3.3827599795130174
-4.8694662262545725 -6.228358861595335
-5.59486512990632 -5.622148566940242
-6.655159843941935 -5.572547828109603
-7.62375041528216 -8.03869544769297
-3.599324166703471 -3.907382808457286
-4.175228179257395 -4.8511802130275985
-6.740759523091832 -6.754982666479831
-7.076876253040949 -3.7403929326799714
-6.129635203392683 -6.323371632655033
-3.1385228315032534 -8.58001650839946
-8.321175427717138 -4.8925801100878346
-8.090053639667975 -5.156670420557819
-7.680256085374904 -3.4898347261040294
-6.359575404764743 -5.606873589974072
-5.7233402663717285 -5.0542306120470375
-6.917030072387011 -2.876179513714022
-2.366667111235325 -4.714969941245991
-8.506733077976783 -10.003596007029662
-5.844298641463307 -6.877934593090501
-7.6515265314164065 -5.018098088866342
-5.791053463250422 -4.275993155765402
-7.145617776265745 -3.6458943934228385
-3.16217091258547 -2.8646873390812515
-7.067926390787743 -4.153448925962684
-10.327682420939919 -4.610546519971604
-9.08604841529261 -4.731919388754819
-5.9492118398509115 -3.7468302357918075
-6.607459647974805 -7.2851946053264705
-4.394051981691759 -6.857143096025329
-5.437936330692207 -4.792050037570614
-4.6828740027649145 -5.324337791413504
-5.006102758188165 -7.116062297947164
-4.667552032575596 -6.061090076537174
-7.181071872883533 -3.6758123787654657
-7.372720859832161 -5.684293344958915
-5.650750258090092 -5.033318050060075
-5.982422864977462 -1.840270149312523
-2.8301363602578538 -6.57087350345877
-7.4290380987622315 -2.2347066844412127
-6.44697557988625 -6.17005207790336
-7.350982513780534 -7.215209829883986
-2.8274664925368413 -5.356879479246606
-7.877192942914945 -5.361672263161016
-5.084643175125437 -5.9057959653279015
-5.9181786033901425 -5.805069140479952
-8.310495971062636 -5.227044305241875
-6.647327101185348 -0.9315953973594651
-8.127769209948678 -3.339517526018202
-6.603582782682201 -2.2552035823311773
-3.7530785425546327 -6.132897480890235
-5.008858696715094 -5.837308362276981
-4.574634811495464 -3.1786203061023803
-3.2754586447635066 -3.0148336807389917
-7.428076951691439 -6.408163440361657
-8.704838494543264 -0.8059279833726265
-9.638231112301277 -2.0725016486955363
-4.7555435751184945 -5.784609813668885
-6.446839512082047 -5.025637895250053
-6.589781160494995 -7.75470307462396
-3.007160070505016 -2.652605729855816
-6.842677256941121 -7.53008391661055
-5.762417310191072 -7.660382046196522
-8.88745360215222 -2.8955226089069215
-3.6792281707053744 -2.2623185981443803
-5.411538593863962 -5.48298259227766
-6.430445373780374 -6.458107150773813
-6.636092267265312 -8.800894022798179
-3.819622686971529 -6.0825750914420915
-6.050033174979985 -4.129133546805878
-5.264034037471336 -6.529396113267779
-6.782645237113305 -4.67468803968749
-6.68934473677958 -8.822598284350011
-5.9248158071247214 -4.878177453821021
-2.420206038656316 -7.444197919229747
-4.670181276146945 -3.65645972363912
-5.637755073924996 -7.0445789772383325
-4.169076060132435 -3.635227673904891
-5.812578196487501 -3.7965281725183515
-9.556991225580894 -7.341366816942065
-4.457685723215137 -7.151086710161432
-8.216073327965837 -6.19362984595169
-9.685407038118758 -4.018102423812247
-5.167143680915561 -4.720406582284228
-5.785869386352065 -6.119721709133728
-12.362032508709158 -2.4380877965261765
-3.3742005121620546 -1.8241496399417723
-4.460752200610013 -4.772608246278161
-3.203162769516537 -5.22110560257423
-5.214713273379374 -5.670731547747378
-7.006358450942443 -8.24926158259474
-7.356934151305927 -4.511191742674262
-6.87111863137889 -3.5436372220267716
-6.289042476753792 -4.404103003197064
-5.905472978647777 -10.420106398130072
-9.822942675797146 -6.7272025606672905
-6.668168310889753 -5.623146480914836
-7.76273094901814 -7.535650844197509
-6.3519223346053355 -5.285765797340487
-5.046564471836653 -4.589269444984226
-4.700945780394955 -7.165894484631346
-2.6858081435909638 -4.237620689986641
-5.761455287304498 -6.309522202744117
-7.234787048011647 -5.24987000198998
-6.09451239496635 -5.2881052000440185
-4.083278650109472 -7.505494290021237
-7.258304007438712 -6.56125319882066
-6.265166741696177 -6.059139524701906
-5.604256809634281 -4.279022900042632
-5.168086772148766 -7.186444599754391
-3.363027455219373 -5.312722536405771
-4.138947888477721 -5.384540757461346
-6.020670537031317 -4.580301386908951
-2.3786359269410493 -5.880973370941754
-6.159065788958179 -10.99607767020504
-3.313612952596682 -2.1016525247032947
-4.239971547895619 -4.884757627262337
-4.769770573878713 -5.910871071026853
-7.9111236966468725 -5.8830227582251275
-10.638161959938472 -3.8181369926238773
-8.49462114694774 -6.009497251689632
-7.187002829304593 -7.88299425030306
-7.725200403643715 -4.306495779170365
-5.526499493180758 -6.430787673466014
-5.717122877235377 -5.139006870531998
-7.680372977968547 -0.8760203460502964
-7.888356820371088 -8.40958166120759
-3.446843106824976 -8.000222780357554
-6.787049077299064 -3.833438773547159
-8.22756309855804 -4.937784673632211
-6.027698309455946 -4.979436432902793
-7.392635494732801 -3.934889346385293
-4.77831754986319 -2.8838979268718723
-8.89324610606362 -4.44344653023957
-4.677906306097472 -9.69062270357079
-3.7431536744162424 -4.772592748539184
-5.3408842616647805 -5.2558258333769405
-5.539686212332344 -6.464348627737543
-6.887487813243808 -7.268003436427999
-8.456521308840305 -2.9942693842019934
-4.794271875027698 -5.534019904158733
-7.673126037093125 -4.568574572489673
-6.237962722431071 -8.135280990701158
-6.482972232440451 -3.0569998346677867
-5.499626998085833 -3.52209243821868
-4.980438759066256 -4.636524477790702
-5.607158247109555 -3.5046316115790885
-6.547362691566534 -4.141754683603322
-3.6316370854578732 -4.353762665876074
-4.287194639990281 -8.283892560388864
-7.854671528281907 -1.7790079302131665
-8.478436237307788 -5.234305587531406
-3.3353032278125494 -4.69273527268106
-10.878020407892803 -2.3975206674669196
-7.254891281874953 -7.778528158535088
-2.3765620438131485 -5.39792549156565
-2.5878422954013156 -5.003907524960548
-5.217563490328227 -1.9403328915720803
-6.213245370712118 -5.8667951742799405
-4.284506375836209 -2.6866300311729443
-6.915114173112125 -4.653009733835451
-3.9459388518825467 -6.020965589782474
-3.9766334922539026 -5.265119388040657
-4.445113450465052 -7.648870203033372
-3.8604971331668434 -5.994498163489505
-5.477820903138111 -4.520604669688594
-1.8246821170977054 -6.134118078578702
-8.370781024185685 -6.0868783871194125
-6.525662096750417 -6.092733595536869
-7.357076554368706 -6.870942645466045
-2.937892380510796 -6.371529692839971
-6.535745037142667 -5.334871896760377
-4.40300781748401 -6.743774245219003
-3.413853643642282 -4.817384200548481
-5.654730177072399 -6.052556541047641
-4.482429492634564 -4.907047751189972
-4.2291345525257125 -4.534967619663553
-7.687211159871145 -3.133096308420406
-6.313699552589437 -7.333170740644787
-6.494691522898977 -4.386934643948699
-5.2858395665937605 -2.208428648844862
-6.532579943448073 -9.725892290030277
-5.555341064544321 -6.127045960969653
-7.163113925426983 -5.027020360278911
-1.8191143195069386 -2.9619983186531935
-7.460150514429535 -4.851605447352915
-3.859394670798393 -6.9735359719415495
-7.485973835716251 -3.725491895959588
-5.176129700519434 -4.005547678751193
-2.095898414438308 -3.954731751235464
-7.621709755755738 -8.436212677221866
-5.652383492440709 -2.7152387194678846
-3.8494457598835448 -5.485208685610893
-7.135501591173435 -6.546679308136152
-8.211153246320482 -5.2885204648134225
-4.325481972818767 -6.290821012365612
-4.579749859878257 -7.188560652567297
-7.200440277395334 -3.4771521056773276
-8.330870377899783 -5.324433456561412
-6.903351117494075 -3.6725193650207664
-10.148132539879828 -6.646573942122487
-4.584534806693516 -5.132468415742971
-2.8926301911262366 -2.7239145028007994
-5.111965201130487 -4.396933028147154
-2.5752960590747294 -2.974879701369345
-3.3996247907421577 -6.757874601950107
-5.966310901952704 -4.9951741626690636
-6.952512932910796 -3.7158510661081454
-5.158794868045403 -2.42230024737413
-6.922142768662553 -2.2889519984469255
-3.5662576369488854 -11.76579842319692
-6.90498473789116 -3.215116645919072
-5.214603156600583 -6.249132418983315
-7.238717441620379 -1.5555220273130153
-4.65399490610298 -7.7459976348362165
-3.9881652160966503 -5.625855426899234
-4.438406520011043 -5.037840580214564
-5.258707470734988 -4.745571084543302
-3.51739623691584 -4.225381541468332
-5.675765482960106 -7.21846143473153
-2.791426453908507 -6.454067952775038
-6.66000201911356 -4.656241447024094
-7.4331306937929 -6.152011471033703
-3.0064769398265017 -3.87228617090412
-5.522301408881283 -5.116951766945595
-3.2845384181513197 -3.6492459995992235
-9.062180084163934 -6.5616843373274225
-6.299471611280071 -3.9003835904777606
-7.688248515633829 -1.7420380278870953
-5.619625348159624 -2.8655763632654923
-4.819888682741114 -5.800062823251595
-4.84641431441236 -8.425149348049242
-6.567973967618246 -2.2084822301434652
-3.0902239555088875 -8.268697836015974
-8.528370512176588 -8.938914687081924
-5.312975777126814 -5.975924601183526
-5.964323313404777 -4.41001174999102
-5.066752614788462 -3.6922744067982034
-4.837891977413412 -8.295067522900327
-4.726815811282497 -7.6949698860256746
-9.255811604722698 -4.769482432942353
-3.8119934745870916 -3.761143457274196
-2.1195807463374554 -1.7482801299081387
-4.15219990551604 -4.650807718171392
-6.669147727794354 -4.397799371666084
-6.335428840134084 -6.4370884444114065
-7.156887983412055 -6.83175285770463
-9.584568489946548 -6.738308862626571
-5.336485047282416 -7.959706299095351
-6.688122620960764 -1.5112056721996012
-7.998055690155372 -3.393105520672147
-3.5036221832421486 -4.705954638247363
-7.933746084153894 -5.850320694983595
-7.452716023392532 -7.360170588640701
-8.373470125918795 -2.5483486875385317
-7.64329110126054 -6.575045325779046
-5.087907504760268 -8.45904569368282
-5.026309029130228 -6.142949919272576
-6.673922507561279 -4.4483349264021355
-8.649380325157193 -8.726017821127444
-10.659057637966098 -7.332176366430394
-2.3469811754894656 -4.510099301336845
-6.976643166666195 -3.0233231290915237
-3.5417910940048536 -5.546272669103579
-5.6154971617951475 -1.8047930460281916
-1.792776771623935 -5.616599631024629
-7.374634237239551 -2.9304311038450637
-4.256723092872743 -4.527999377319061
-4.20131253441236 -6.474066791660222
-7.535768589846349 -5.987478445314024
-7.23789457145952 -4.261603786183193
-7.745016347958256 -5.135411977252771
-4.001172358489232 -5.310846426689044
-5.97715825376822 -2.221774377385538
-5.614154204084628 -4.858179860913605
-5.356509991220847 -6.533214232837956
-10.122578880552583 -7.972911560553092
-8.559839462978843 -3.7518975545595676
-7.2139571728393665 -5.388441586661699
-6.315579729298747 -7.072338056764234
-5.639001801480242 -5.9343414224379005
-4.183161217639186 -3.17509954505287
-4.453261922908193 -5.276166999197076
-7.189840477461633 -6.6322549878288335
-6.134458135307105 -5.801358337656476
-3.34170964361327 -3.544343005536989
-3.8054148074750276 -2.493938808356871
-6.98129873089152 -5.321949027429049
-7.453086176910193 -6.53280735770246
-6.4305859552343945 -4.963209386331576
-5.121965954722554 -4.572315669841082
-8.025830414366709 -2.665618049547064
-5.767052258542582 -3.2072090962998865
-8.038187492713242 -5.207691620764576
-7.803132339166534 -4.982250253329187
-3.6851167265254974 -5.44592221001097
-4.647466392133264 -4.781968382828412
-6.610828398960279 -5.079649927184717
-6.574039193924265 -3.1638105179101434
-7.2305642874909895 -3.64173943162018
-5.815354455845048 -4.194735620629881
-5.799633303676535 -5.271289579595061
-7.431545400970915 -7.439305051020499
-3.5153074143640577 -5.120974900900223
-7.976171912475063 -3.6751281390047748
-6.07690504555444 -5.4756465284038836
-3.3460254175448583 -4.825810232804871
-4.851612978349751 -4.820352215955657
-5.689255798054816 -2.6021172591921875
-9.060269460627763 -5.814057536225807
-9.605047780904743 -8.077491504860937
-9.092547904761732 -5.555671355354748
-2.938419509467736 -4.370196945006719
-4.404852548865499 -3.850746013515279
-6.991973281334447 -5.801627427773962
-3.9540955704793532 -5.26286172974619
-4.957581731119807 -1.9728472668806867
-6.350359025834495 -7.664352106817308
-5.538764837139535 -6.444937312700712
-2.9186507479359864 -4.943199016486915
-6.805772704126776 -8.396010134267446
-4.510499316921679 -2.716492900143921
-4.117281039147358 -6.696524617193345
-5.9174025468421565 -5.678315237734944
-8.276544383603227 -4.214354238720022
-4.328085419703518 -4.576961197542275
-4.690329449338242 -6.653720758598455
-3.227961707917501 -3.3068889337660172
-6.663326339177659 -8.11463657068436
-7.6375844457687965 -5.605314508092038
-7.283183011581002 -3.624655705070466
-6.8398940000945485 -4.978263743850025
-1.8674535906212029 -7.46611548866192
-5.525891229615172 -2.7861099323970615
-7.781273609561408 -0.9655810909655802
-4.21040682940529 -4.54695834344311
-6.0439188583224155 -5.710746786428941
-6.522431324633075 -4.1327325062628315
-4.940085626998337 -4.816652672023949
-7.392960399415678 -4.394978846963001
-6.612857056319592 -5.626703385902285
-6.041657363273632 -5.185399931682364
-6.842368302713037 -5.872974203082
-3.7549119784174603 -5.949496113521795
-7.030088779443894 -5.824958831927748
-2.9559640760137884 -7.70356381659218
-5.435770420119414 -3.2225877927408946
-5.758430537167828 -3.2641734556708766
-7.253046779031045 -4.953849841049331
-9.732699890913416 -1.731309720375485
-6.2781853074063365 -4.418147188829187
-4.551078881487577 -5.955075100839724
-6.9797990054628025 -4.346696953967668
-5.176646857205475 -8.795616611400796
-4.446054909871632 -7.356143910548808
-6.412891810718612 -4.887229163122553
-4.647877245262942 -5.180705891324658
-3.0616377497489786 -7.353963554654193
-5.859846103239063 -4.381917366898105
-3.95227523985919 -6.215458875679452
-5.4590541447861085 -6.89583283453363
-4.175241145654279 -6.316046964568655
-4.82022506265067 -4.628349585832493
-4.1547658877217035 -3.3603793244213382
-3.1403474321821347 -4.483776472064917
-6.134833612486319 -4.810055821798562
-7.6575314074541225 -3.553709229380506
-3.3211761748728783 -4.2722207520367865
-3.6475294423665057 -2.4704110486445487
-5.753812415283083 -7.038985517789447
-7.003808906844779 -7.0650949312520535
-6.353191309370957 -4.95662289791336
-5.392435640257017 -6.4785899883989835
-8.13392516499584 -3.3791156493067085
-7.003025278293236 -5.2229219087631025
-6.039001338906892 -3.7631089764296632
-7.913213827569685 -7.209748790040807
-6.384295204032468 -2.6424378061142706
-5.523757281102893 -4.39834851955221
-3.090803371875063 -6.658491331755432
-6.235892240419909 -4.927183650422647
-4.329881316543764 -6.370778083239042
-3.9860690443823374 -4.479822696755829
-5.3188457677219905 -4.5718868773561185
-6.16503441601843 -6.216036714130146
-7.132647575209014 -4.984095568560542
-6.086297609414681 -5.350130920832019
-8.58657199762316 -6.205997407968336
-4.37432288448335 -4.177020532721204
-2.7245848362655427 -6.6292599879681315
-5.745659386847032 -4.362828586454378
-3.5286126530296102 -2.3614346585322323
-6.079186555841352 -3.8763386561438873
-2.5172605072539835 -1.6549666943213186
-3.48216657124554 -6.546640419137891
-2.697923389949399 -7.737274334947907
-7.9550719804449725 -4.454918167855387
-6.091623385768628 -5.878978332181211
-7.121261762170472 -5.260977989299751
-8.638630657736222 -7.682067815128876
-3.2664563408903717 -3.765457816050521
-4.9278099298020885 -3.9227642986851494
-6.844015029584831 -3.2262832413391105
-6.052490844355513 -3.7861777429791745
-3.3341344858876605 -4.85110654048321
-5.927521396396382 -2.287439599666787
-7.517715732599352 -7.322217342595731
-6.929646802956433 -7.138807275060701
-6.7889753813984965 -5.172902744638028
-2.223839098125879 -2.9690727382882787
-5.8022443243513795 -7.277743089962089
-5.192326399465205 -8.488946819929277
-5.416703870709071 -7.196295666143941
-4.388183855649562 -3.186508863235708
-3.7802296083677094 -6.048446935540455
-6.440739805671227 -6.019343403086777
-7.675201202028362 -4.937500888438576
-3.1371387192614266 -4.768067549453702
-4.45242796857886 -2.2317956444991554
-9.381100453835304 -4.017417983921063
-6.682088904083114 -6.84493805957605
-3.124789760138954 -4.624895768853776
-4.638353879249156 -5.760558430356155
-1.5270934471654414 -2.0109084040817407
-8.545407401832025 -8.44092987893602
-7.219238092868266 -4.57483975051348
-7.945963236371215 -7.3667233305801645
-8.602715939951983 -7.986270998247649
-4.745739510898261 -6.643248921706365
-8.98922840718032 -4.016127781431663
-5.231701114347707 -4.401602652859071
-4.638660307136006 -4.640592804421173
-2.932874374524902 -2.6954419775522265
-7.318854822964506 -5.561196831294652
-6.694421783942893 -5.1456309876999935
-6.077265618870454 -4.999917699715202
-6.390645350527308 -2.434984029859839
-7.036596068637915 -6.994007220010204
-3.32154966398393 -3.984502670360084
-6.462354975700446 -5.709792098742758
-8.476507057586483 -10.037434054696753
-2.2141611446889202 -7.404215382622853
-6.597759017687503 -7.010347122790664
-9.151620265266931 -3.732888738881612
-1.4435802082691707 -5.073125008115211
-3.8562979551868697 -5.3443197016528075
-8.324759742078822 -2.099751341037453
-7.3891814132159865 -3.819723442912922
-4.258985216434177 -7.799103137859419
-5.957005557637735 -5.690334263283602
-8.901229324858193 -6.349657426647295
-5.519020772388396 -3.2599274210555143
-3.4605281241527455 -5.964260370087086
-3.336397266993685 -4.985959681220911
-4.177957182118691 -3.3706403579670217
-6.530551110984662 -4.294733460321193
-4.701007990226925 -3.9785481296162546
-4.80716137484956 -2.0441382259575973
-6.120038420009021 -4.620507986288101
-6.109880749443918 -7.74570278389421
-6.432860949783517 -8.497514165005947
-4.266596756585185 -4.850447467424709
-9.538585075862297 -1.6007652760681652
-8.831074816120708 -7.4101087472563245
-5.249662459255314 -4.459311217923176
-2.2146089359298085 -5.072160688216105
-4.897347575061868 -7.220348820728955
-6.062321310854468 -2.4302297308663707
-6.45775097651613 -8.575503700246196
-3.6933408522364974 -8.346718783853028
-4.508726915477515 -2.3623505994435545
-4.032249971769937 -3.8977876515112393
-5.857579685502542 -2.4907637540957035
-8.525900543552135 -5.80310925688425
-8.30346064908142 -7.560819818072997
-3.651715253530152 -5.0356209423107
-6.467004648721242 -6.992607324560939
-5.778968975146487 -2.2026567631664773
-7.832596570407043 -5.894966334224648
-8.002691220544028 -3.822272162894113
-5.468012193677737 -3.5515595329120853
-5.634541736196137 -4.6143773837329345
-3.273074643770534 -2.708093782804296
-5.182435132336821 -4.803978394724218
-5.108751576194052 -5.224153443054149
-4.8655573112236485 -3.2892786325109067
-3.095542256926661 -3.797970518791393
-0.7093591150245189 -5.9308842685266985
-6.455975804217461 -7.835297547699799
-5.243953992617603 -3.1193766108546237
-4.287634196549324 -7.420620188335458
-6.152560524074931 -5.308392402776799
-5.797417352499995 -4.942088326539322
-7.898823608320276 -2.9219703384073283
-7.9869315687998785 -3.4099280384568296
-2.902901352565537 -6.712425570526997
-5.021237720522049 -3.7776150625897422
-5.793963245529405 -3.3284704905008526
-6.30891069149798 -3.4722856425669786
-6.049919685268954 -4.613098483213466
-5.5616919624600705 -4.395569394464893
-5.224680850378628 -3.3672364974528395
-8.023066577894365 -4.193401437570327
-3.037432232407911 -5.510880925137846
-6.553424754891387 -2.2753811779337725
-5.423099971516369 -6.642547268287856
-6.524939316238363 -7.564030048986767
-4.232576861990525 -5.724126289894446
-4.785286892438024 -6.181902398288453
-8.665804189088373 -6.803643246306571
-6.261067263720406 -5.857181506720806
-6.221570102996819 -6.682862046199869
-6.710122612894001 -3.7497465963606986
-4.188595799888837 -3.555846217883957
-7.10569246418529 -2.3980998747794686
-5.47561406984422 -9.170025203289482
-4.6226260011771 -3.2241072013029877
-4.624150445658806 -4.109294690542423
-8.069524137926557 -6.4846784934085315
-4.58167988562551 -5.049886546791579
-7.280502906947117 -5.238362576658265
-7.4787144388931805 -5.450269469302125
-7.400379962720097 -3.634137557736826
-6.673254125325977 -3.659492843626275
-5.599710717550511 -5.7321237727748215
-3.718864676716426 -4.0930927212331945
-7.401201146063496 -5.438825529910964
-6.525912024944193 -7.715669558519099
-6.159726168882097 -4.203826084542946
-5.082091460125571 -5.048902032994875
-5.362113139288798 -4.773958017594702
-4.9523052273532215 -3.0762860757245196
-3.805019891415844 -2.8736288592382477
-8.758787256013141 -4.551176765040083
-2.6816104607384657 -4.151122287673224
-7.314804912262723 -4.652098146804185
-6.464368838266444 -5.261930372240831
-7.18752964047537 -6.81776885627781
-7.528332215154901 0.4077815817686634
-7.864824759465332 -6.211266521065341
-9.107548469960788 -7.003446323919817
-7.37604670180081 -4.759738230760357
-8.7011140629854 -5.439992581561648
-3.0311432414667636 -4.215767967962492
-10.059018321803448 -6.796304584273966
-3.8761037010638417 -3.4630198636784675
-4.56740515624692 -6.510758248662196
-8.311913658288333 -5.524353271419498
-6.447043992202008 -3.5707855730657574
-3.8935358057250333 -5.275513443676847
-8.135837169832831 -3.450563693193367
-6.806942910065162 -4.172227516826527
-9.14429899076826 -1.377716963401141
-7.994221155294911 -4.544593361445523
-5.730899099656847 -2.2181897570344686
-6.375069199525076 -4.958400752379669
-5.865471947093794 -5.919789046934647
-5.755781569505985 -4.581038579146688
-5.203645309012893 -6.352683951609325
-6.621911883956633 -4.834774911153813
-3.0741040578896532 -3.7304725727563888
-6.176341754273632 -5.114150682238177
-7.34888946512761 -6.120740634586745
-7.825433318997829 -4.614226371137811
-6.981746319470329 -6.631435119627104
-3.7720008800975853 -6.042166029387058
-5.892944431659564 -4.430074714470516
-5.471181991151729 -4.012857401711562
-5.23810178399724 -6.076753287814563
-6.378133673201105 -3.0537477154303345
-6.534187439308637 -9.364478431270758
-5.228982315262259 -5.176065593262288
-10.862029909180457 -4.403106880640139
-2.6309643750213327 -4.519950395363953
-2.538971104503962 -4.2508799634013625
-8.441584212987019 -6.489097417666052
-6.39482784029654 -8.134688672935248
-8.395030259272952 -9.185781831693024
-5.534193740414757 -5.014531416498941
-3.630634593225571 -5.882165445040054
-7.631563911641728 -2.5871474427722942
-7.996381171034539 -2.5187745914861055
-3.825443869556465 -3.78849912757267
-4.989901109507467 -4.929068617730834
-4.534259899064642 -5.001204897388696
-4.6131992486849995 -5.5921368619698635
-8.17171022438357 -3.4086194433598322
-7.469794953767158 -3.0739673957815397
-2.2498165784784785 -6.329108206126085
-8.369534154305924 -2.2479070629127045
-8.08166788397763 -2.6229012451600258
-7.795861881716135 -2.7182526220388863
-6.490097798512329 -4.683316882990598
-4.650487902272442 -6.03218964732832
-5.898745294989818 -6.03995650462387
-10.367908152815454 -5.091648975296317
-6.889053138953752 -8.032417947983838
-7.107040715486164 -7.698428653190412
-4.881413429447861 -6.10055346242582
-2.187532881797313 -5.147030509457455
-6.842185372414919 -4.987205502706649
-5.370407165771797 -7.771437242592858
-3.7079483352981932 -4.185461802721116
-4.49782366384702 -4.8013065977850005
-4.672505994053631 -3.0611690486324497
-4.834030615192025 -5.866713149170076
-3.949966878842054 -3.651993466428891
-6.3417698025567795 -2.481103828767669
-6.540173051388094 -8.300441710403884
-5.724629691623193 -6.676399915986316
-5.314700752499457 -2.276754748965431
-6.751848883156058 -8.77251586385783
-5.94964537540078 -4.271713345446474
-6.946922993050068 -5.67601226812036
-5.357420821979616 -4.132370086024087
-3.9865612250743907 -5.843244448364521
-5.078725981398284 -5.664860834758411
-3.5914987852102516 -6.17173566224492
-6.789270023942731 -7.706126952958644
-5.430567990292507 -1.0751090114615032
-6.468373136288351 -5.382761378090984
-3.4741977194203346 -7.623069638748682
-8.010023724030347 -7.372450880007941
-1.8463808899274494 -2.3096665945808885
-5.121585195978325 -6.60440268585558
-4.250443390430568 -7.226297861020088
-4.555709113102882 -6.975903660087155
-4.543199103169838 -3.4898436809104982
-9.12124979975236 -2.676074386233126
-5.234983631170389 -2.6837979274629
-5.698984722640454 -3.548516326446598
-5.344782008656851 -4.901735816306573
-8.360517183986714 -2.9317611336205425
-3.592317582577808 -6.10876594050652
-3.5022738791813466 -1.3632978011025108
-9.532460753078865 -6.7028358838496205
-5.5624695506703485 -4.7029680245498975
-6.944906145619996 -1.2557123903174658
-2.221449114544628 -3.606037973024888
-7.9517014206227685 -4.42891228501948
-6.878094406826634 -8.456374650704296
-7.895087366962175 -5.330395761885513
-8.527737301610092 -6.169914990786573
-5.388760564161629 -3.053447916252443
-12.451113961689632 -6.540536058318717
-3.178123748421658 -3.0485313282204234
-1.906843143304091 -5.593514540140038
-7.341073517588855 -2.2000083128606094
-7.719742590693868 -2.524094394187528
-5.0673398512271035 -1.407946973167653
-4.878248516115688 -2.5608726146803416
-6.528607434053697 -3.3583344533867505
-5.650646212626444 -6.947027449650653
-4.608485635707977 0.4983338877835459
-1.91819765974667 -1.9655168392422362
-4.295095146393634 -1.6228442589106105
-5.255134990388874 -5.50024547260443
-5.414083891191631 -4.508785584336
-3.9510529687211693 -3.53612398203685
-7.3234772355590625 -2.055152669077511
-3.2738684161399827 -4.8801299639285105
-4.944729830216758 -6.582351073662734
-2.352754885769433 -2.9736385414823543
-8.499564922678198 -3.9294221825283584
-6.430401399545319 -2.929610441162168
-7.10264129004948 -9.5408762054941
-5.296025325917664 -2.5648507732975117
-8.646557759987125 -8.950603781591969
-2.3987829369670197 -3.795410517247473
-5.481893377847915 -3.1016495547822847
-6.0923065646267665 -3.221360110839038
-6.201537614548573 -6.567830487624834
-2.868968437336463 -5.004729207002671
-4.470555032751374 -6.692087639709386
-5.69597194802706 -4.334640874610739
-4.745552644620483 -7.921458778858025
-7.581405360147938 -6.480504119551147
-4.393885888273588 -7.608010304629476
-4.151065149399066 -3.5797864484413684
-5.343925824519054 -5.116029207414706
-7.274064001950162 -3.2946473924225854
-6.93498698896413 -4.298628801289873
-7.02949339922955 -6.199881353634175
-7.696427670641201 -5.022616821013862
-7.451907246978543 -1.7107890147434817
-3.838136228921496 -7.179762349629387
-5.7085548535280575 -4.352986717907805
-3.1322212337518356 -1.2998339952429054
-6.914777239656837 -3.4981384196134524
-4.7035544675682255 -4.209590217852342
-10.501526002703342 -7.271121637470088
-7.567800588682745 -6.9571474779394356
-8.19679659749177 -1.4252464605042627
-3.7501608212303044 -6.4521025255190265
-3.914501909887356 -7.5596782439300245
-4.741119868411441 -2.48163611565475
-7.070078741715127 -8.792973013842666
-2.4015719274295697 -4.3317456979837665
-9.320440484273107 -4.666760354994355
-6.668284933817316 -3.657415472729956
-5.878264465157314 -6.01662247851673
-8.85944682097257 -4.8419833274211
-7.131800669495645 -7.112841959638727
-7.371765714607092 -5.40387329757968
-7.37258576374964 -5.141168871352843
-6.319777778986684 -4.3826939388383375
-3.910318903945098 -5.973345351653079
-5.659684522759647 -6.632495573432997
-5.398028006774605 -6.000630669808751
-4.889873262537705 -4.979506071613121
-5.754515562262396 -5.3293651070842545
-6.805656294057939 -6.766643966533281
-5.993635033743001 -5.252509525521878
-6.3995608562441095 -8.586795916309793
-6.681687589544479 -2.7692439012306975
-7.869578568814371 -6.982175620951094
-2.219543402659074 -7.430173856505957
-5.352630292346093 -4.893409863432529
-4.91331728849279 -6.36730849632903
-7.986551503665359 -6.877876396488157
-8.569881658978657 -3.9831834040664975
-3.248942019417332 -5.606637436617898
-6.675466347172978 -5.071223902467556
-5.929095465704628 -9.747574079771745
-5.999129441847374 -8.173034951911538
-4.671086750710734 -3.7637459108925673
-6.804958968900444 -5.874651684681523
-4.434200210892624 -8.209633183145389
-4.001245901914262 -3.77356290984959
-4.817896837725317 -4.289557250875335
-8.34389860608204 -5.941896187703065
-4.727305353534386 -4.869696606861089
-5.047955249043053 -4.760045865551921
-7.931776206322182 -4.735131790411955
-8.363321573085674 -3.314902839278078
-7.788382400846261 -6.419224023158963
-3.3263458218153006 -5.182797961692163
-1.9353512836916162 -3.460036979191611
-4.5253568324280655 -6.52102673157577
-4.181314036194562 -6.443675901749881
-3.6788657170024015 -2.5723769503601708
-5.967537333661561 -6.385954789761937
-4.422422988575701 -9.333872801647761
-4.655534069045036 -3.531168039616144
-8.266177084421173 -6.762977629457582
-4.731650666742639 -6.828244922049936
-6.706585067610549 -1.9600555396250914
-3.29991569783811 -4.414440804211185
-7.1556261060583655 -6.147507715808984
-5.735454141776067 -5.997368538757825
-4.456005208403846 -4.075966365107306
-2.9658859971194445 -7.9315357067535235
-3.931634203267282 -5.010782324475628
-4.619283233581922 -3.34216966180364
-8.266866666513243 -2.7744303800574714
-5.379679639720915 -4.8267638563954245
-4.336823354907861 -6.41090171957034
-6.977500411748367 -2.896483839919386
-7.045170070718243 -5.606812423799981
-5.050706216911459 -5.686478524637013
-5.050820695509525 -7.190958214213362
-5.325827956006351 -4.4688076604937255
-9.807422548159462 -4.098823721796211
-6.436613468636614 -3.6013477213530383
-4.449864162453266 -7.1908174343215325
-7.34712373691905 -7.0739337053471
-11.467407350213964 -5.681237102805632
-7.980609146263809 -4.452737784675399
-5.126572707578919 -7.537472086942827
-6.22426758295814 -3.6306569682885734
-5.000225030205012 -4.180811316211237
-5.239986535960347 -8.040964676133676
-10.373494393015637 -6.418373712646277
-7.840500167479217 -6.515757575850855
-7.7076567137520815 -9.044237934968816
-5.411501044654859 -8.6601620062205
-6.484310155781274 -4.873766449461002
-4.458493077208913 -5.86502927733016
-3.0692551495149227 -3.3172135073337286
-2.7880567668284586 -5.799841841467972
-4.395571814594769 -4.562980089781879
-8.227452526884388 -5.80562435706861
-4.211779848277666 -2.2311159881405884
-5.787996731203034 -6.421170617498911
-4.483539163914017 -3.933447710400287
-5.470270446960594 -5.771144857106613
-8.60941777971242 -8.012792964793086
-5.863627175863842 -6.167969690596928
-7.679789296159683 -6.894963248362031
-7.215546521038849 -5.8530394994378465
-8.082442402668361 -5.444132641530742
-8.005639217181077 -7.5028134581005155
-5.724164070879496 -3.8511507600450807
-5.153861036601529 -6.891315294068871
-2.673360825576594 -5.89719166282814
-6.376858780606275 -5.762539174792788
-6.532510606842585 -5.1960360827367085
-6.646869172306158 -7.097031316325814
-6.103819317522964 -4.753293334317702
-7.076956320186686 -3.836741879996657
-2.5587581533698747 -3.999763684400051
-4.286161459302967 -6.225436282171491
-6.656384064613019 -7.409819051507143
-5.8866166715058155 -4.412324416757621
-5.671115783955994 -5.3321199653994595
-4.3291433421005525 -6.183338526154998
-3.425460761746414 -3.7684021635113343
-4.5692107454456306 -5.347567536722792
-5.386114752469643 -10.50354020531795
-8.438434586635257 -5.895776685857677
-8.000319328956104 -7.511587816022303
-6.6365197664185 -6.515771201368466
-5.505335270192005 -4.7946114623556175
-5.031481570669367 -8.669365181482329
-6.067765900608779 -4.60420976058439
-5.044701334669402 -4.621407654872302
-5.40908279223307 -4.701046451666969
-6.736608024480548 -5.643219793199688
-2.912212440353306 -5.333318701556483
-3.7920458188788624 -4.781103221363095
-7.689425329580679 -6.592066868624758
-7.06033744450655 -4.055503827365683
-5.68200139486294 -8.540804562566342
-4.466237489617378 -4.99713124227748
-5.55814792679595 -3.5423257627108304
-6.173948619932268 -7.410735262532608
-4.759592723263202 -6.730740972693485
-5.654240204927583 -4.980128651469918
-6.809051603245395 -3.231500716467125
-6.642334793065413 -4.124940053170757
-5.115954983899575 -4.321719751639848
-3.2356497782889937 -3.063215057237733
-5.436715697854775 -5.857091270930894
-5.0592668525938125 -6.341092207596439
-5.394395258582523 -7.337683200222799
-1.948574524373698 -6.380661275978653
-4.897583300670378 -4.98040347989466
-6.363024880215737 -7.233036291568716
-3.6131998531465004 -4.728601783017948
-6.748953702648892 -2.628256154337321
-5.4893653944967955 -4.455991988347409
-2.1941786558900143 -2.671434625148203
-3.6986910811886595 -8.202763529934597
-8.132032486053415 -3.968236603784794
-7.130818730816302 -8.282261113415347
-4.898571933746905 -5.098937688415163
-6.804239443444923 -5.260088018260082
-6.6509990344461976 -3.0661320119173223
-4.893960436268493 -6.661886067767419
-2.898597622486793 -7.7817098768324025
-3.659311592883433 -7.140271320768535
-6.127020304045752 -3.0356699411566255
-5.983212072008253 -7.611967151312736
-6.587423361264804 -6.571549623809209
-7.01088079674682 -4.85928883277008
-6.914701336472602 -2.855957450489329
-7.818761083607283 -6.8423647853460015
-4.063722791965163 -4.532241648199412
-6.644240233438078 -5.008937585820648
-6.7353508458244535 -4.2052267348512125
-4.799910792489084 -4.802748359725179
-4.362910747656178 -3.4343721712763484
-4.032557813591453 -2.534181073740174
-4.8206093353263935 -6.137739053451901
-3.95715623660377 -4.422747239739702
-4.478760509851167 -5.739811072437666
-5.2195950104113225 -2.301828210810752
-7.208355057749787 -6.712561552335318
-4.607787508500431 -6.752707054579372
-7.058592703255554 -4.001919319330945
-4.3681585333400985 -3.1573960229170064
-5.876053474170241 -8.682442643705512
-4.590484570404807 -4.974887794046079
-6.342157059290688 -6.8918516704809685
-4.2923956691991965 -3.0205590834628895
-5.9957183476484746 -6.1528856112345895
-7.271686434115646 -3.2855376270436905
-5.946196651357819 -4.203351684807789
-4.218485980526632 -8.193938562340275
-7.545615765844651 -4.212254255993654
-6.9923235085189726 -6.316859213132895
-7.81712894164481 -5.213728236843743
-3.129956956429172 -4.773929397902542
-4.159567175070275 -4.027033960996212
-7.996963076521751 -2.0681570093499855
-5.279874547694798 -9.160317601104373
-8.911644016834483 -3.8814682392627615
-6.681810529154683 -3.0711547475877086
-10.056445426577437 -4.9553851498846475
-3.093428450239196 -7.666467785074234
-3.972078589779921 -3.6050796692996547
-2.3969891692675604 -1.6808141469451274
-4.251160914036651 -6.247664483513555
-5.557703604611856 -2.2760729255280623
-7.055145605391635 -7.539216066533479
-6.133693081655217 -8.113632293208594
-5.844167900436324 -3.6862973400194288
-5.548261238980855 -5.120997221673154
-9.883356363907975 -6.140693750310827
-5.704712131333386 -4.947349720976726
-4.529344937211772 -6.438497622201405
-5.6979324957538955 -4.0310119235272825
-8.011710719248125 -2.5225124302256035
-5.774185004811186 -8.083095913654676
-5.755721104731148 -5.320671044657806
-7.47112978990948 -3.506085719642046
-4.356055186561986 -2.8462683875509747
-6.992944456647566 -2.860475906351987
-7.744706624914437 -5.584678476858677
-2.9863681489410374 -6.733492414967925
-7.76601248937744 -3.7585598268674096
-3.7740701987914225 -7.490984858583215
-4.0896645998372385 -5.094500335488364
-7.803542886206468 -5.723257447646006
-6.926129515907325 -6.231310081720664
-4.534560025585854 -4.037450789517062
-3.9228256188558817 -9.361721188096414
-6.232467069762221 -4.522540066741205
-10.084432336407325 -5.2853756537620455
-4.464600519784545 -7.1733849040394375
-7.785638572556799 -1.6915544619141247
-8.555940516076204 -2.3684246571590544
-6.8706313259400265 -5.83456300818406
-5.3838297960113435 -4.506893990390117
-7.299625230080437 -4.857816242646116
-7.100635964434456 -6.560915233286913
-4.796999297737187 -5.709746839517347
-4.52635483613952 -2.512271337856762
-6.899014646413825 -7.510936706251989
-9.259809228208454 -4.553048883546267
-5.3933184180218 -4.660714525117547
-6.147874335962991 -5.2038966328850425
-8.375027712133816 -5.131053235672365
-7.230586460579844 -3.649213940228657
-3.079787289636641 -8.264026411648853
-6.74294000948031 -6.996210827006396
-5.177198519926631 -1.314961620976126
-3.681386654101504 -0.9756020838464847
-9.847941967870625 -8.426733918846976
-6.308835153997102 -3.8227106323486537
-3.3665968481744146 -3.590091678507209
-4.473650222150568 -2.150788944395756
-4.579195622794478 -4.840821793885066
-7.234679695690967 -3.8888825396258264
-4.696761659913739 -6.712237096237562
-4.785057812126535 -4.929515799788495
-3.7234893651095464 -4.657964127396343
-5.502069623944719 -4.143458247495461
-5.130362277585735 -6.575506073004786
-6.537312970655147 -5.829350373902926
-7.918454702290368 -2.3219845834463086
-2.4580239725661723 -1.67702145586773
-2.262550147069893 -6.135875994110975
-3.0832332112453043 -2.577459066920974
-4.775661091114989 -2.6744909650534465
-7.299644242911679 -4.818208562213041
-3.818132039600627 -7.037872447669158
-3.870918693503095 -2.8819438528871832
-6.941705686257624 -5.1325875613147005
-7.62290014669545 -4.715504277017667
-4.100690010909478 -6.276051728082616
-3.8804449070997844 -2.997710417986005
-7.1154467502699195 -5.014499990900885
-5.302321648516024 -4.6545414421703635
-4.465646945914206 -5.558122762399252
-7.621499239835849 -2.5197406564269396
-5.867414629842587 -6.191481294892318
-2.330371833568066 -5.686739972785324
-3.3084209683929005 -4.6626862932959465
-4.678089396670413 -3.678161306889832
-1.2861091757486953 -4.258596333712476
-5.272767285158504 -6.289210962722138
-3.353327678269481 -6.548814486191185
-8.150536835790273 -5.426808350872316
-4.493299657798172 -4.604663462954261
-2.2834905996297667 -3.5511782476542537
-1.8492853959882942 -4.6868804076224
-2.6868938244605687 -5.994455674906139
-1.021893285181779 -7.215664666975657
-5.986971801439726 -8.531109302104133
-7.589590523150262 -6.464393835247669
-9.72434714500211 -8.394655569774589
-5.859853526655845 -6.029432099621958
-4.420942291612298 -7.234434504231755
-4.279536802198649 -7.526637904775159
-5.376389244942351 -7.65934769690209
-9.16138497682672 -6.93123362511683
-5.200261474050508 -5.163860917334744
-6.098321730642434 -6.932883447580055
-3.1931450824123013 -4.988581447893172
-5.758772108824715 -3.934866391611009
-6.357357710361887 -8.72501957425176
-8.810725049662434 -8.469411400359679
-7.77025089901605 -5.474554839767199
-6.899013270552052 -4.205644333457223
-7.653347225431343 -5.652657192494843
-5.405258003263502 -5.5901600623381835
-7.6699100633677055 -5.726178397360426
-3.2634914854530828 -7.463584663278457
-3.0057953684703866 -4.887550049329866
-4.188047650729047 -3.826029098304013
-5.64892799789446 -6.886287343476839
-7.071927980917554 -3.408329864560871
-6.592735783136694 -3.486689484864592
-7.450827753653527 -5.69952721690208
-8.94394424790779 -4.125557034163197
-8.301312239112042 -7.498111214346265
-5.618321027436097 -7.463818850316492
-8.2595851409489 -5.043384547563288
-7.556244057690636 -0.9880891101839211
-3.4198129146530856 -3.4416182566009015
-6.421769662588964 -5.374443225788299
-5.616066355595515 -3.674471083372848
-5.452713330539836 -3.0591736543315995
-3.9136876828442655 -2.0114873853580066
-5.47962895058932 -5.627591831287455
-5.0836971483977145e-2 -4.339621269319297
-6.062713463391765 -6.102668068350259
-2.1804994923250534 -5.060164170184107
-2.3120743796829446 -2.3454280328164914
-2.721589471222171 -4.897864667789414
-4.883216048606612 -2.2605798335447616
-5.737745922796914 -5.88273650402278
-6.169078362306802 -4.608883286235726
-7.265322128486893 -4.465401295435462
-6.296000843220843 -6.909937807242533
-3.00916954170529 -3.3770730076165276
-8.503166773352373 -8.153455602792498
-2.160070089812254 -6.21745654674339
-6.118900634812401 -4.9185817705543595
-2.0944742350827488 -6.189872378465227
-6.408573071724223 -3.081782639548999
-4.687748271495494 -5.916213466307318
-7.271891792081222 -6.558037763624052
-7.152659144864052 -5.354197004342834
-5.307320962909423 -2.1588681581285645
-7.579202339262156 -4.250492623958533
-9.905896669975856 -7.8027293409051754
-4.222646656962835 -5.0584336661800915
-2.3550010061254305 -5.343419429542207
-2.827187888234375 -7.333042226586537
-5.173220906485346 -2.1780319420630336
-5.290624181540938 -4.551677475703319
-6.69848795523523 -2.9196209794011407
-6.47307764699751 8.305985391226912
-9.770538706849033 9.695091083232196
-11.35351943760475 6.020609567550598
-11.9257116227933 8.710347782441234
-6.381144172579824 7.071770067021832
-6.470701739415553 7.585500017810687
-8.037817886619301 10.616202642398363
-15.266738452503994 8.814513893591933
-8.237180823602214 8.043793436718063
-8.830033702492129 6.681174436746501
-11.18091583863856 6.616452245987356
-7.539101736482816 5.060568034588952
-6.744169151697728 6.197453899027254
-8.0109065461188 6.685243663607168
-11.087292377411975 11.057646011700658
-6.127320596993199 6.939548440625985
-10.518956148870428 8.007383537894608
-6.917725183463711 9.446109172226375
-7.42496686156809 6.975488534147811
-7.972396774515428 6.29733546821096
-7.455874507378374 8.103246718759227
-6.023411491475002 5.210057126917705
-10.848106808781433 7.628070955279984
-9.913984084893858 4.79012584032077
-8.220873306719714 6.541662318258772
-12.136457625386043 5.20916314358022
-5.5920360978981964 7.108277767551819
-9.458098076830984 8.25738065351063
-7.702087397783904 10.11909930202124
-6.880948270232 10.013466429987766
-12.85025186841339 6.282147150457259
-7.865218150388389 4.373588125057677
-8.56946839615382 7.334336335910736
-9.379796840934844 6.614125447049161
-10.140571561943627 7.5265954955274985
-7.979342527412773 6.68158327596956
-7.502786551991206 4.654640275939444
-7.484164197393003 5.787759444733114
-6.388357122922885 10.835888601206776
-5.417853224809828 7.3579210437150095
-11.592347986139814 8.972108129017126
-8.426977762132077 8.932073091676106
-9.542932360506242 7.590138924730554
-9.817045880578135 9.410676570967553
-8.142618721437938 8.243668888872506
-9.288482486445744 7.8092952012772345
-10.242851341593674 7.592473806724798
-8.495743197885387 9.872672541687436
-6.546074176869469 4.316144198615202
-10.967625447266238 6.754399375105938
-9.354657991282227 5.8967314642649376
-5.191257290753576 5.93668888518212
-9.206212840456242 7.6763775443088695
-10.94632944847859 8.478919996025594
-9.851508126499583 10.062951970678668
-6.0715329893699295 6.171884689228933
-10.603273481182509 4.37614889839387
-9.363098274465287 5.215030810638352
-7.404870622687888 6.356944890512507
-8.498931263367176 4.2009224543404295
-9.303159344866607 8.641550544196367
-9.169311837874368 6.776619321716208
-4.024999088050175 5.074238366148341
-9.87092744010502 6.602525724291871
-8.140336799969731 5.6822825204126435
-9.098773277288513 4.7486726545517755
-12.966460238405748 7.824017506797928
-10.445394757385525 5.220437445615742
-9.540560176184083 8.122012719052773
-7.937049073213018 7.750879530652005
-9.464052232292728 7.640115867917357
-10.988995017337178 7.365710740879757
-10.765603776145644 7.093589731549473
-8.034275854984903 10.188787982362419
-15.498935230066651 9.179331020003405
-9.103574563617839 9.205285870252238
-7.517325933406152 4.983265250133691
-11.588227110809711 8.367591075760446
-10.793349101479883 5.256446032111894
-8.769557604017871 5.092559043849076


